,Белгородская область,Брянская область,Владимирская область,Воронежская область,Ивановская область,Калужская область,Костромская область,Курская область,Липецкая область,Московская область,Орловская область,Рязанская область,Смоленская область,Тамбовская область,Тверская область,Тульская область,Ярославская область,г.Москва,Республика Карелия,Республика Коми,Архангельская область,Вологодская область,Калининградская область,Ленинградская область,Мурманская область,Новгородская область,Псковская область,г.Санкт-Петербург,Республика Адыгея,Республика Калмыкия,Краснодарский край,Астраханская область,Волгоградская область,Ростовская область,Республика Дагестан,Кабардино-Балкарская Республика,Карачаево-Черкесская Республика,Республика Северная Осетия - Алания,Ставропольский край,Республика Башкортостан,Республика Марий Эл,Республика Мордовия,Республика Татарстан,Удмуртская Республика,Чувашская Республика,Пермский край,Кировская область,Нижегородская область,Оренбургская область,Пензенская область,Самарская область,Саратовская область,Ульяновская область,Курганская область,Свердловская область,Тюменская область,Челябинская область,Республика Алтай,Республика Бурятия,Республика Тыва,Республика Хакасия,Алтайский край,Забайкальский край,Красноярский край,Иркутская область,Кемеровская область,Новосибирская область,Омская область,Томская область,Республика Саха (Якутия),Камчатский край,Приморский край,Хабаровский край,Амурская область,Магаданская область,Сахалинская область,Еврейская авт. область,Чукотский автономный округ,Ненецкий авт.округ (Нарьян-Мар),Республика Ингушетия (Магас),Ханты-Мансийский авт.округ-Югра,Ямало-Ненецкий авт.округ
Белгородская область (Белгород),0,403,888,348,1032,625,1121,160,432,806,314,716,666,601,896,505,1037,806,1619,2152,1884,1250,1279,1338,2646,1285,1226,1338,1014,1223,855,1347,897,575,1471,1223,1008,1273,970,1773,1547,1091,1502,1805,1454,2068,1594,1138,1668,926,1286,959,1326,2512,2343,2669,2254,3910,5985,3839,4498,3863,6539,4441,5529,3980,3679,3052,3987,6251,2779,9228,8463,7914,10303,9732,8290,6758,3043,1383,3085,3480
Брянская область (Брянск),403,0,608,488,752,222,769,286,400,463,133,571,263,574,528,303,723,463,1216,1838,1570,936,1040,935,2243,882,823,935,1350,1559,1197,1475,1039,911,1807,1559,1344,1609,1306,1748,1280,1001,1235,1538,1187,1788,1314,858,1643,898,1261,954,1247,2437,2076,2402,2229,3412,5907,3834,4420,3785,6461,4363,5451,3902,3601,2974,3909,6173,2704,9150,8385,7836,6255,9654,8212,6524,2765,1722,2996,3202
Владимирская область (Владимир),888,608,0,661,144,417,269,728,582,302,715,273,621,552,390,387,278,302,1111,1399,1133,499,1415,864,2012,829,910,864,1682,1891,1529,1585,1149,1243,2073,1891,1676,1941,1638,1433,744,505,699,1002,651,1180,706,829,1330,673,948,932,803,1901,1540,1866,1792,2955,5371,3588,3884,3249,5925,3827,4915,3366,3065,2438,3373,5637,6638,8614,7849,7300,9875,9118,7676,6094,2295,1903,2429,2732
Воронежская область (Воронеж),348,488,661,0,805,588,894,246,151,689,361,390,744,253,784,469,810,689,1539,1925,1657,1023,1491,1258,2536,1223,1304,1258,1076,1285,923,1126,690,653,1533,1285,1070,1335,1032,1447,1232,765,1187,1490,1139,1841,1367,911,1342,600,960,633,1000,2186,2028,2354,1928,3656,5659,3513,4172,3537,6213,4115,5203,3654,3353,2726,3661,5925,7083,8902,8137,7588,10048,9406,7964,6588,2886,1254,2825,3323
Ивановская область (Иваново),1032,752,144,805,0,561,131,872,726,394,718,417,765,696,459,531,140,394,973,1263,995,361,1476,733,1874,698,779,733,1826,2035,1673,1729,1293,1387,2217,2035,1820,2085,1782,1484,795,556,750,1053,702,1192,718,296,1381,724,999,1066,854,1929,1568,1894,1820,3496,5399,3639,3912,3277,5953,3855,4943,3394,3093,2466,3401,5665,6540,8642,7877,7328,9888,9146,7704,5991,2188,2014,2322,2625
Калужская область,625,222,417,588,561,0,578,474,461,272,320,389,340,479,337,133,532,272,1092,1647,1379,745,1141,811,2119,776,839,811,1501,1710,1348,1512,1076,473,1958,1710,1495,1760,1457,1578,1089,819,1044,1347,996,1587,1123,667,1473,728,1091,859,1065,2246,1885,2211,2059,3862,5716,3731,4229,3594,6270,4172,5260,3711,3410,2783,3718,5982,6939,8959,8194,7645,10254,9463,8021,6352,2564,1697,2795,3001
Костромская область,1121,769,269,894,131,578,0,961,815,406,807,506,782,785,468,620,91,406,854,1201,933,299,614,614,1357,579,660,614,1915,2124,1762,1818,1382,1476,2306,2124,1909,2174,1871,1609,920,681,875,993,827,1073,599,579,1506,849,1124,1165,979,1810,1449,1775,1701,3464,5280,3764,3793,3158,5834,3736,4824,3275,2974,2347,3282,6448,6476,8523,7758,7209,9854,9027,7585,5913,2124,2107,2258,2561
Курская область,160,286,728,246,872,474,961,0,337,646,154,616,543,499,736,345,876,646,1491,1992,1724,1090,1245,1210,2518,1162,1103,1210,1064,1273,911,1346,902,625,1521,1273,1058,1323,1020,1693,1387,1011,1342,1645,1294,1908,1434,978,1588,846,1206,879,1246,2432,2183,2509,2174,3880,5905,3759,4418,3783,6459,4361,5449,3900,3599,2972,3907,7073,7196,9148,8383,7834,10272,9652,8210,6648,2901,1481,3058,3338
Липецкая область,432,400,582,151,726,461,815,337,0,610,273,311,656,174,705,342,731,610,1460,1846,1578,944,1433,1179,2457,1144,1216,1179,1176,1385,1023,1075,639,737,1563,1385,1170,1435,1132,1368,1153,686,1108,1411,1060,1752,1288,832,1263,521,881,554,921,2107,1949,2275,1849,3574,5580,3434,4093,3458,6134,4036,5124,3575,3274,2647,3582,5846,6982,8823,8058,7509,9961,9327,7885,6479,2717,1370,2744,3154
Московская область,806,463,302,689,394,272,406,646,610,0,492,306,476,580,165,305,360,0,920,1475,1207,573,1246,639,1947,604,686,639,1653,1862,1500,1613,1177,1214,2101,1862,1647,1912,1609,1612,970,731,925,1228,877,1467,993,552,1509,819,1127,960,982,2127,1766,2092,2018,3669,5597,3767,4110,3475,6151,4053,5141,3592,3291,2664,3599,5863,6776,8840,8075,7526,10062,9344,7902,6193,2369,1762,2601,2806
Орловская область,314,133,715,361,718,320,807,154,273,492,0,462,389,447,582,191,722,492,1337,1838,1570,936,1166,1056,2364,1008,950,1056,1218,1427,1065,1348,912,779,1675,1427,1212,1477,1174,1624,1233,892,1188,1491,1140,1754,1280,824,1519,774,1137,827,1138,2363,2029,2355,2105,3865,5836,3707,4349,3714,6390,4292,5372,3831,3530,2903,3838,6102,7087,9079,8314,7765,10257,9583,8141,6518,2740,2187,2971,3177
Рязанская область,716,571,273,390,417,389,506,616,311,306,462,0,629,281,398,282,421,306,1153,1537,1269,635,1423,872,2148,837,919,872,1450,1659,1297,1314,878,1021,1802,1659,1444,1709,1406,1306,897,430,852,1155,804,1453,979,523,1203,515,821,661,676,2045,1693,2019,1787,3587,5518,3461,4031,3396,6072,3974,5054,3513,3212,2585,3520,5784,6796,8761,7996,7447,9979,9265,7823,6265,2542,1645,2560,2979
Смоленская область,666,263,621,744,765,340,782,543,656,476,389,629,0,730,476,421,736,476,1073,1851,1583,949,801,745,2100,619,561,745,1607,1816,1454,1731,1295,1168,2064,1816,1601,1866,1563,1866,1293,1054,1248,1551,1200,1801,1327,871,1761,1016,1379,1110,1305,2450,2089,2415,2341,4066,5920,3990,4433,3798,6474,4376,5464,3915,3614,2987,3922,6186,7064,9163,8398,7849,10458,9667,8225,6405,2768,1975,2999,3205
Тамбовская область,601,574,552,253,696,479,785,499,174,580,447,281,730,0,675,360,701,580,1430,1816,1548,914,1531,1149,2427,1114,1196,1149,1313,1503,1160,1056,654,891,1544,1522,1307,1572,1250,1194,979,512,934,1237,886,1604,1258,802,1089,347,707,380,747,1933,1775,2101,1675,3435,5406,3260,3919,3284,5960,3862,4950,3401,3100,2473,3408,6574,6897,8649,7884,7335,9826,9153,7711,6425,2697,1446,2608,3134
Тверская область,896,528,390,784,459,337,468,736,705,165,582,398,476,675,0,395,425,165,755,1540,1272,638,1139,474,1782,439,521,474,1748,1957,1595,1708,1272,1309,2196,1957,1742,2007,1704,1704,1062,823,1017,1320,969,1529,1055,640,1601,911,1219,1055,1074,2219,1858,2184,2110,3841,5689,3859,4202,3567,6243,4145,5233,3684,3383,2756,3691,5955,6738,8932,8167,7618,10233,9436,7994,6111,2412,1936,2711,2849
Тульская область,505,303,387,469,531,133,620,345,342,305,191,282,421,360,395,0,536,305,1150,1651,1383,749,1222,869,2177,834,916,869,1382,1591,1229,1393,957,943,1839,1591,1376,1641,1338,1459,1046,712,1001,1304,953,1567,1093,637,1354,609,972,740,958,2198,1842,2168,1940,3775,5671,3612,4184,3549,6225,4127,5215,3666,3365,2738,3673,5937,6917,8914,8149,7600,10167,9418,7976,6357,2561,1591,2792,2998
Ярославская область,1037,723,278,810,140,532,91,876,731,360,722,421,736,701,425,536,0,360,933,1123,855,221,1436,693,1734,658,740,693,1831,2040,1678,1734,1298,1392,2222,2040,1825,2090,1787,1618,929,690,884,1072,836,1152,678,430,1515,858,1133,1081,988,1889,1528,1854,1780,3543,5359,3773,3872,3237,5913,3815,4903,3354,3053,2426,3361,5625,6526,8602,7837,7837,9935,9106,7664,5949,2096,2036,2342,2533
г.Москва,806,463,302,689,394,272,406,646,610,0,492,306,476,580,165,305,360,0,920,1475,1207,573,1246,639,1947,604,686,639,1653,1862,1500,1613,1177,1214,2101,1862,1647,1912,1609,1612,970,731,925,1228,877,1467,993,552,1509,819,1127,960,982,2127,1766,2092,2018,3669,5597,3767,4110,3475,6151,4053,5141,3592,3291,2664,3599,5863,6776,8840,8075,7526,10062,9344,7902,6193,2369,1762,2601,2806
Республика Карелия (Петрозаводск),1619,1216,1111,1539,973,1092,854,1491,1460,920,1337,1153,1073,1430,755,1150,933,920,0,1655,854,753,1368,393,1027,464,644,393,2503,2712,2350,2463,2027,2064,2951,2712,2497,2762,2459,2400,1762,1523,1717,1784,1669,1864,1390,1263,2348,1666,1966,1810,1821,2601,2240,2566,2492,3221,6071,4606,4584,3949,6625,4527,5615,4066,3765,3138,4073,6337,6345,9314,8549,8000,10514,9818,8376,5622,2564,2786,3026,3001
Республика Коми (Сыктывкар),2152,1838,1399,1925,1263,1647,1201,1992,1846,1475,1838,1537,1851,1816,1540,1651,1123,1475,1655,0,1114,902,2467,1492,1993,1539,1743,1492,2946,3155,2793,2659,2360,2507,3147,3155,2940,3205,2902,1731,1583,1473,1452,1115,1627,1195,721,1149,2120,1641,1916,1983,1687,1932,1571,1897,1823,3117,5402,4378,3915,3280,5956,3858,4946,3397,3096,2469,3404,5668,5781,8645,7880,7331,9499,9149,7707,5288,1153,2617,2055,1590
Архангельская область,1884,1570,1133,1657,995,1379,933,1724,1578,1207,1570,1269,1583,1548,1272,1383,855,1207,854,1114,0,634,2199,1224,1137,1271,1475,1224,2678,2887,2525,2581,2145,2239,3069,2887,2672,2937,2634,2189,1784,1545,1739,1573,1691,1653,1179,1285,2370,1713,1988,1928,1843,2390,2029,2355,2281,4063,5860,4628,4373,3738,6414,4316,5404,3855,3554,2927,3862,8642,5913,9103,8338,7789,10455,9607,8165,5225,1986,2998,2769,2423
Вологодская область,1250,936,499,1023,361,745,299,1090,944,573,936,635,949,914,638,749,221,573,753,902,634,0,1565,590,1513,637,841,590,2044,2253,1891,1947,1511,1605,2435,2253,2038,2303,2000,1647,1150,911,1105,1031,1057,1111,637,643,1736,1079,1354,1294,1209,1848,1487,1813,1739,3584,5318,3994,3831,3196,5872,3774,4862,3313,3012,2385,3320,8163,6387,8561,7796,7247,9976,9065,7623,5784,1898,2233,2489,2335
Калининградская область,1279,1040,1415,1491,1476,1141,614,1245,1433,1246,1166,1423,801,1531,1139,1222,1436,1246,1368,2467,2199,1565,0,1035,2395,957,724,1035,2253,2462,2100,2508,2072,1814,2710,2462,2247,2512,2209,2667,2087,1848,2042,2338,1994,2418,1944,1665,2562,1817,2180,1911,2099,3155,2794,3120,3046,4905,6625,4791,5138,4503,7179,5081,6169,4620,4319,3692,4627,9484,7434,9868,9103,8554,11297,10372,8930,6592,3388,2730,3885,3825
Ленинградская область,1338,935,864,1258,733,811,614,1210,1179,639,1056,872,745,1149,474,869,693,639,393,1492,1224,590,1035,0,1420,183,311,0,2222,2431,2069,2182,1746,1783,2670,2431,2216,2481,2178,2178,1522,1283,1477,1595,1429,1675,1201,1023,2075,1385,1693,1529,1548,2412,2041,2377,2303,4382,5882,4333,4395,3760,6436,4338,5426,3877,3576,2949,3884,8961,6639,9125,8360,7811,10765,9629,8187,5886,2551,2475,3142,2988
Мурманская область,2646,2243,2012,2536,1874,2119,1357,2518,2457,1947,2364,2148,2100,2427,1782,2177,1734,1947,1027,1993,1137,1513,2395,1420,0,1491,1671,1420,3530,3739,3377,3460,3024,3091,3948,3739,3524,3789,3486,3068,2663,2424,2618,2452,2570,2532,2058,2164,3249,2592,2867,2807,2722,3269,2908,3234,3160,4984,6739,5507,5252,4617,7293,5195,6283,4734,4433,3806,4741,9565,5747,9982,9217,8668,11376,10486,9044,4893,3181,3629,3880,3618
Новгородская область (Великий Новгород),1285,882,829,1223,698,776,579,1162,1144,604,1008,837,619,1114,439,834,658,604,464,1539,1271,637,957,183,1491,0,233,183,2187,2396,2034,2147,1711,1748,2635,2396,2181,2446,2143,2143,1487,1248,1442,1560,1394,1640,1166,988,2040,1350,1658,1494,1513,2377,2016,2342,2268,4205,5847,4298,4360,3725,6401,4303,5391,3842,3541,2914,3849,8784,6741,9090,8325,7776,10597,9594,8152,6021,2487,2298,2940,2924
Псковская область,1226,823,910,1304,779,839,660,1103,1216,686,950,919,561,1196,521,916,740,686,644,1743,1475,841,724,311,1671,233,0,311,2167,2376,2014,2228,1792,1728,2624,2376,2161,2426,2123,224,1568,1329,1523,1641,1475,1721,1247,233,2121,1431,1739,1575,1594,2458,2097,2423,2349,4416,5929,4380,4442,3807,6483,4385,5473,3924,3623,2996,3931,6195,6899,9172,8407,7858,10797,9676,8234,6144,2724,2487,3177,3160
г.Санкт-Петербург,1338,935,864,1258,733,811,614,1210,1179,639,1056,872,745,1149,474,869,693,639,393,1492,1224,590,1035,0,1420,183,311,0,2222,2431,2069,2182,1746,1783,2670,2431,2216,2481,2178,2178,1522,1283,1477,1595,1429,1675,1201,1023,2075,1385,1693,1529,1548,2412,2041,2377,2303,4382,5882,4333,4395,3760,6436,4338,5426,3877,3576,2949,3884,8961,6639,9125,8360,7811,10765,9629,8187,5886,2551,2475,3142,2988
Республика Адыгея (Майкоп),1014,1350,1682,1076,1826,1501,1915,1064,1176,1653,1218,1450,1607,1313,1748,1382,1831,1653,2503,2946,2678,2044,2253,2222,3530,2187,2167,2222,0,605,258,1013,795,439,721,473,258,523,352,2107,1974,1663,1929,2232,2037,2599,2388,2187,1961,1498,1620,1204,1660,2846,2714,3018,2588,4223,6319,3802,4820,4128,6873,4775,5863,4314,4013,3386,4321,8801,7687,9562,8797,8248,10615,10066,8624,7308,3719,509,3497,4156
Республика Калмыкия (Элиста),1223,1559,1891,1285,2035,1710,2124,1273,1385,1862,1427,1659,1816,1503,1957,1591,2040,1862,2712,3155,2887,2253,2462,2431,3739,2396,2376,2431,605,0,543,1084,868,648,792,544,599,594,285,2180,2047,1736,2002,2305,2110,2672,2516,2060,2034,1571,1693,1277,1733,2919,2787,3091,2661,3736,6392,3873,4891,4199,6946,4848,5935,4387,4086,3459,4394,8315,7344,9635,8870,8321,10132,10139,8697,7022,3267,498,3045,3704
Краснодарский край,855,1197,1529,923,1673,1348,1762,911,1023,1500,1065,1297,1454,1160,1595,1229,1678,1500,2350,2793,2525,1891,2100,2069,3377,2034,2014,2069,258,543,0,1083,671,286,791,543,328,593,290,1983,1850,1539,1805,2108,1913,2475,2235,1779,1837,1374,1496,1080,1536,2722,2590,2894,2462,4392,6195,3812,4708,4073,6749,4651,5739,4190,3889,3262,4197,8823,7699,9438,8673,8124,10784,9942,8500,7293,3715,618,3491,4152
Астраханская область,1347,1475,1585,1126,1729,1512,1818,1346,1075,1613,1348,1314,1731,1056,1708,1393,1734,1613,2463,2659,2581,1947,2508,2182,3460,2147,2228,2182,1013,1084,1083,0,450,995,488,652,789,610,999,1479,1446,1186,1401,1704,1521,2071,1966,1510,1270,1021,956,676,1132,1951,1945,2123,1693,3422,5424,2789,3807,3115,5978,3880,4968,3419,3118,2491,3426,8002,7164,8667,7902,7353,9814,9171,7729,6914,1986,574,3176,3835
Волгоградская область,897,1039,1149,690,1293,1076,1382,902,639,1177,912,878,1295,654,1272,957,1298,1177,2027,2360,2145,1511,2072,1746,3024,1711,1792,1746,795,868,671,450,0,545,938,1004,853,1054,615,1331,1198,887,1153,1456,1261,1823,1667,1211,1185,722,844,428,884,2070,1938,1938,1812,3646,5543,3141,4056,3421,6097,3999,5087,3538,3237,2610,3545,8189,7121,8786,8021,7472,10003,9290,7848,6766,2973,794,2751,3410
Ростовская область,575,911,1243,653,1387,473,1476,625,737,1214,779,1021,1168,891,1309,943,1392,1214,2064,2507,2239,1605,1814,1783,3091,1748,1728,1783,439,648,286,995,545,0,896,648,433,698,395,1857,1724,1301,1679,1982,1675,2349,1949,1493,1711,1136,1370,954,1410,2596,2464,2768,2338,3589,6069,3686,4582,3947,6623,4525,5613,4064,3763,3136,4071,8256,6582,9312,8547,7998,9981,9816,8374,6005,3445,697,3220,3882
Республика Дагестан (Махачкала),1471,1807,2073,1533,2217,1958,2306,1521,1563,2101,1675,1802,2064,1544,2196,1839,2222,2101,2951,3147,3069,2435,2710,2670,3948,2635,2624,2670,721,792,791,488,938,896,0,360,561,288,707,1967,1934,1674,1889,2192,2009,2559,2454,1998,1758,1509,1444,1164,1620,2439,2433,2611,2181,4004,5912,3277,4295,3603,6466,4368,5456,3907,3606,2979,3914,8583,7484,9155,8390,7841,10396,9659,8217,7277,3805,258,3583,4242
Кабардино-Балкарская Республика (Нальчик),1223,1559,1891,1285,2035,1710,2124,1273,1385,1862,1427,1659,1816,1522,1957,1591,2040,1862,2712,3155,2887,2253,2462,2431,3739,2396,2376,2431,473,544,543,652,1004,648,360,0,313,132,459,2131,2098,1838,2053,2356,2173,2723,2597,2141,1922,1673,1608,1328,1784,2603,2597,2775,2345,4048,6076,3441,4459,3767,6630,4532,5620,4071,3770,3143,4078,8627,7628,9319,8554,8005,10440,9823,8381,7335,3676,118,3454,4113
Карачаево-Черкесская Республика (Черкесск),1008,1344,1676,1070,1820,1495,1909,1058,1170,1647,1212,1444,1601,1307,1742,1376,1825,1647,2497,2940,2672,2038,2247,2216,3524,2181,2161,2216,258,599,328,789,853,433,561,313,0,363,346,2101,1968,1657,1923,2226,2031,2593,2382,1926,1955,1492,1614,1198,1654,2804,2708,2976,2546,4115,6277,3642,4660,3968,6831,4733,5821,4272,3971,3344,4279,8706,7634,9520,8755,8206,10507,10024,8582,7299,3648,299,3426,4085
Республика Северная Осетия - Алания (Владикавказ),1273,1609,1941,1335,2085,1760,2174,1323,1435,1912,1477,1709,1866,1572,2007,1641,2090,1912,2762,3205,2937,2303,2512,2481,3789,2446,2426,2481,523,594,593,610,1054,698,288,132,363,0,509,2089,2056,1796,2011,2314,2131,2681,2576,2120,1880,1631,1566,1286,1742,2561,2555,2733,2303,4014,6034,3399,4417,3725,6588,4490,5578,4029,3728,3101,4036,8593,7618,9277,8512,7963,10406,9781,8339,7353,3761,28,3539,4198
Ставропольский край,970,1306,1638,1032,1782,1457,1871,1020,1132,1609,1174,1406,1563,1250,1704,1338,1787,1609,2459,2902,2634,2000,2209,2178,3486,2143,2123,2178,352,285,290,999,615,395,707,459,346,509,0,1927,1794,1483,1749,2052,1857,2419,2263,1807,1781,1318,1440,1024,1480,2666,2534,2838,2408,4003,6139,3756,4652,4017,6693,4595,5683,4134,3833,3206,4141,8584,7563,9382,8617,8068,10397,9886,8444,7215,3538,381,3316,3974
Республика Башкортостан (Уфа),1773,1748,1433,1447,1484,1578,1609,1693,1368,1612,1624,1306,1866,1194,1704,1459,1618,1612,2400,1731,2189,1647,2667,2178,3068,2143,224,2178,2107,2180,1983,1479,1331,1857,1967,2131,2101,2089,1927,0,944,928,887,616,1019,851,1021,1252,409,850,523,903,630,739,607,911,481,2328,4212,2667,2725,2090,4766,2668,3756,2207,1906,1279,2214,6907,6098,7455,6690,6141,8720,7959,6517,5834,2304,2050,1507,2741
Республика Марий Эл (Йошкар-Ола),1547,1280,744,1232,795,1089,920,1387,1153,970,1233,897,1293,979,1062,1046,929,970,1762,1583,1784,1150,2087,1522,2663,1487,1568,1522,1974,2047,1850,1446,1198,1724,1934,2098,1968,2056,1794,944,0,467,165,468,299,835,873,571,956,635,574,770,314,1367,1006,1332,1258,3008,4837,3214,3350,2715,5391,3293,4381,2832,2531,1904,2839,7587,6298,8080,7315,6766,9400,8584,7142,5865,1847,1921,1816,2284
Республика Мордовия (Саранск),1091,1001,505,765,556,819,681,1011,686,731,892,430,1054,512,823,712,690,731,1523,1473,1545,911,1848,1283,2424,1248,1329,1283,1663,1736,1539,1186,887,1301,1674,1838,1657,1796,1483,928,467,0,422,725,374,1092,780,324,825,168,443,510,298,1624,1263,1589,1409,3173,5094,3083,3607,2972,5648,3550,4638,3089,2788,2161,3096,7752,6616,8337,7572,7023,9634,8841,7399,6183,2282,1507,2187,2719
Республика Татарстан (Казань),1502,1235,699,1187,750,1044,875,1342,1108,925,1188,852,1248,934,1017,1001,884,925,1717,1452,1739,1105,2042,1477,2618,1442,1523,1477,1929,2002,1805,1401,1153,1679,1889,2053,1923,2011,1749,887,165,422,0,337,254,704,742,526,911,590,529,725,269,1236,875,1201,1127,2856,4706,3169,3219,2584,5260,3162,4250,2701,2400,1773,2708,7435,6316,7949,7184,6635,9248,8453,7011,5918,1997,1833,1871,2434
Удмуртская Республика (Ижевск),1805,1538,1002,1490,1053,1347,993,1645,1411,1228,1491,1155,1551,1237,1320,1304,1072,1228,1784,1115,1573,1031,2338,1595,2452,1560,1641,1595,2232,2305,2108,1704,1456,1982,2192,2356,2226,2314,2052,616,468,725,337,0,557,367,405,829,1005,893,832,1028,572,965,604,930,856,2669,4435,3263,2948,2313,4989,2891,3979,2430,2129,1502,2437,7248,6056,7678,6913,6364,9070,8182,6740,5703,1964,2164,1439,2401
Чувашская Республика (Чебоксары),1454,1187,651,1139,702,996,827,1294,1060,877,1140,804,1200,886,969,953,836,877,1669,1627,1691,1057,1994,1429,2570,1394,1475,1429,2037,2110,1913,1521,1261,1675,2009,2173,2031,2131,1857,1019,299,374,254,557,0,924,934,478,1031,542,649,845,389,1456,1095,1421,1347,3024,4926,3289,3439,2804,5480,3382,4470,2921,2620,1993,2928,7603,6365,8169,7404,6855,9410,8673,7231,5931,1939,1840,1900,2376
Пермский край,2068,1788,1180,1841,1192,1587,1073,1908,1752,1467,1754,1453,1801,1604,1529,1567,1152,1467,1864,1195,1653,1111,2418,1675,2532,1640,1721,1675,2599,2672,2475,2071,1823,2349,2559,2723,2593,2681,2419,851,835,1092,704,367,924,0,485,930,1260,1260,1199,1395,939,747,386,712,638,2368,4217,3288,2730,2095,4771,2673,3761,2212,1911,1284,2219,6947,5836,7460,6695,6146,8760,7964,6522,5504,2049,2491,1168,2486
Кировская область,1594,1314,706,1367,718,1123,599,1434,1288,993,1280,979,1327,1258,1055,1093,678,993,1390,721,1179,637,1944,1201,2058,1166,1247,1201,2388,2516,2235,1966,1667,1949,2454,2597,2382,2576,2263,1021,873,780,742,405,934,485,0,456,1410,948,1223,1290,977,1222,861,1187,1113,4009,4692,3668,3205,2570,5246,3148,4236,2687,2386,1759,2694,8588,7049,7935,7170,6621,10401,8439,6997,6436,1564,2260,1653,2001
Нижегородская область,1138,858,829,911,296,667,579,978,832,552,824,523,871,802,640,637,430,552,1263,1149,1285,643,1665,1023,2164,988,233,1023,2187,2060,1779,1510,1211,1493,1998,2141,1926,2120,1807,1252,571,324,526,829,478,930,456,0,1149,492,767,834,622,1667,1306,1632,1558,3255,5137,3407,3650,3015,5691,3593,4681,3132,2831,2204,3139,7831,6481,8380,7615,7066,9647,8884,7442,5991,2117,1782,2139,2554
Оренбургская область,1668,1643,1330,1342,1381,1473,1506,1588,1263,1509,1519,1203,1761,1089,1601,1354,1515,1509,2348,2120,2370,1736,2562,2075,3249,2040,2121,2075,1961,2034,1837,1270,1185,1711,1758,1922,1955,1880,1781,409,956,825,911,1005,1031,1260,1410,1149,0,745,418,776,642,1119,1016,1291,861,2586,4592,2258,2975,2283,5146,3048,4136,2587,2286,1659,2594,7165,6372,7835,7070,6521,8972,8339,6897,6155,2608,2058,1866,3044
Пензенская область,926,898,673,600,724,728,849,846,521,819,774,515,1016,347,911,609,858,819,1666,1641,1713,1079,1817,1385,2592,1350,1431,1385,1498,1571,1374,1021,722,1136,1509,1673,1492,1631,1318,850,635,168,590,893,542,1260,948,492,745,0,363,345,403,1589,1431,1757,1331,3150,5062,3003,3575,2940,5616,3518,4606,3057,2756,2129,3064,7724,6708,8305,7540,6991,9531,8809,7367,6289,2429,1379,2320,2866
Самарская область,1286,1261,948,960,999,1091,1124,1206,881,1127,1137,821,1379,707,1219,972,1133,1127,1966,1916,1988,1354,2180,1693,2867,1658,1739,1693,1620,1693,1496,956,844,1370,1444,1608,1614,1566,1440,523,574,443,529,832,649,1199,1223,767,418,363,0,416,260,1262,1130,1434,1004,2784,4735,2676,3248,2613,5289,3191,4279,2730,2429,1802,2737,7358,6487,7978,7213,6664,9171,8482,7040,6155,2412,1643,1957,2849
Саратовская область,959,954,932,633,1066,859,1165,879,554,960,827,661,1110,380,1055,740,1081,960,1810,1983,1928,1294,1911,1529,2807,1494,1575,1529,1204,1277,1080,676,428,954,1164,1328,1198,1286,1024,903,770,510,725,1028,845,1395,1290,834,776,345,416,0,456,1642,1510,1814,1384,3240,5115,2880,3628,2993,5669,3571,4659,3110,2809,2182,3117,7869,6807,8358,7593,7044,9632,8862,7420,6434,2601,1167,2379,3038
Ульяновская область,1326,1247,803,1000,854,1065,979,1246,921,982,1138,676,1305,747,1074,958,988,982,1821,1687,1843,1209,2099,1548,2722,1513,1594,1548,1660,1733,1536,1132,884,1410,1620,1784,1654,1742,1480,630,314,298,269,572,389,939,977,622,642,403,260,456,0,1369,1110,1436,1111,2943,4842,2900,3355,2720,5396,3298,4386,2837,2536,1909,2844,7522,6469,8085,7320,6771,9334,8589,7147,6087,2167,1613,2100,2604
Курганская область,2512,2437,1901,2186,1929,2246,1810,2432,2107,2127,2363,2045,2450,1933,2219,2198,1889,2127,2601,1932,2390,1848,3155,2412,3269,2377,2458,2412,2846,2919,2722,1951,2070,2596,2439,2603,2804,2561,2666,739,1367,1624,1236,965,1456,747,1222,1667,1119,1589,1262,1642,1369,0,361,530,258,1644,3473,2811,1986,1351,4027,1929,3017,1468,1167,540,1475,6223,5598,6716,5951,5402,8036,7220,5778,5472,2765,2735,862,3201
Свердловская область,2343,2076,1540,2028,1568,1885,1449,2183,1949,1766,2029,1693,2089,1775,1858,1842,1528,1766,2240,1571,2029,1487,2794,2041,2908,2016,2097,2041,2714,2787,2590,1945,1938,2464,2433,2597,2708,2555,2534,607,1006,1263,875,604,1095,386,861,1306,1016,1431,1130,1510,1110,361,0,326,252,2003,3831,2902,2344,1709,4385,2287,3375,1826,1525,898,1833,6582,5726,7074,6309,5760,8394,7578,6136,5489,2400,2584,997,2837
Тюменская область,2669,2402,1866,2354,1894,2211,1775,2509,2275,2092,2355,2019,2415,2101,2184,2168,1854,2092,2566,1897,2355,1813,3120,2377,3234,2342,2423,2377,3018,3091,2894,2123,1938,2768,2611,2775,2976,2733,2838,911,1332,1589,1201,930,1421,712,1187,1632,1291,1757,1434,1814,1436,530,326,0,430,1732,3505,3080,2018,1383,4059,1961,3049,1500,1199,572,1507,6312,5472,6748,5983,5434,8125,7252,5810,5305,5018,2886,672,2391
Челябинская область,2254,2229,1792,1928,1820,2059,1701,2174,1849,2018,2105,1787,2341,1675,2110,1940,1780,2018,2492,1823,2281,1739,3046,2303,3160,2268,2349,2303,2588,2661,2462,1693,1812,2338,2181,2345,2546,2303,2408,481,1258,1409,1127,856,1347,638,1113,1558,861,1331,1004,1384,1111,258,252,430,0,1914,3731,2650,2244,1609,4285,2187,3275,1726,1425,798,1733,6488,5810,6974,6209,5660,8301,7478,6036,5626,2603,2457,1079,3039
Республика Алтай (Горно-Алтайск),3910,3412,3483,3656,3496,3862,3464,3880,3574,3669,3865,3587,4066,3435,3841,3775,3543,3669,3221,3117,4063,3584,4905,4382,4984,4205,4416,4382,4223,3736,4392,3422,3646,3589,4004,4048,4115,4014,4003,2328,3008,3173,2856,2669,3024,2368,4009,3255,2586,3150,2784,3240,2943,1644,2003,1732,1914,0,2601,1647,1248,257,3246,1110,2246,573,449,1091,708,5386,4706,6160,5407,4834,6765,4036,5221,5023,3678,4482,2210,4114
Республика Бурятия (Улан-Удэ),5985,5907,5371,5659,5399,5716,5280,5905,5580,5597,5836,5518,5920,5406,5689,5671,5359,5597,6071,5402,5860,5318,6625,5882,6739,5847,5929,5882,6319,6392,6195,5424,5543,6069,5912,6076,6277,6034,6139,4212,4837,5094,4706,4435,4926,4217,4692,5137,4592,5062,4735,5115,4842,3473,3831,3505,3731,2601,0,5262,1773,2465,554,1544,456,2295,2306,2933,2156,2754,3392,3649,2884,2335,4568,4153,2711,4084,5505,6309,4037,5942
Республика Тыва (Кызыл),3839,3834,3588,3513,3639,3731,3764,3759,3434,3767,3707,3461,3990,3260,3859,3612,3773,3767,4606,4378,4628,3994,4791,4333,5507,4298,4380,4333,3802,3873,3812,2789,3141,3686,3277,3441,3642,3399,3756,2667,3214,3083,3169,3263,3289,3288,3668,3407,2258,3003,2676,2880,2900,2811,2902,3080,2650,1647,5262,0,3489,2797,5816,3782,4806,3234,3025,2817,3328,3949,4214,8505,7740,7191,6728,9009,7567,4684,4697,5501,3229,5134
Республика Хакасия (Абакан),4498,4420,3884,4172,3912,4229,3793,4418,4093,4110,4349,4031,4433,3919,4202,4184,3872,4110,4584,3915,4373,3831,5138,4395,5252,4360,4442,4395,4820,4891,4708,3807,4056,4582,4295,4459,4660,4417,4652,2725,3350,3607,3219,2948,3439,2730,3205,3650,2975,3575,3248,3628,3355,1986,2344,2018,2244,1248,1773,3489,0,692,2327,585,1317,694,827,1446,887,4576,4289,5016,4251,3702,6453,5520,4078,4641,4308,5112,2840,4745
Алтайский край (Барнаул),3863,3785,3249,3537,3277,3594,3158,3783,3458,3475,3714,3396,3798,3284,3567,3549,3237,3475,3949,3280,3738,3196,4503,3760,4617,3725,3807,3760,4128,4199,4073,3115,3421,3947,3603,3767,3968,3725,4017,2090,2715,2972,2584,2313,2804,2095,2570,3015,2283,2940,2613,2993,2720,1351,1709,1383,1609,257,2465,2797,692,0,3019,985,2009,437,228,821,531,5159,4752,5708,4943,4394,6982,6212,4770,4988,3460,4264,1993,3897
Забайкальский край (Чита),6539,6461,5925,6213,5953,6270,5834,6459,6134,6151,6390,6072,6474,5960,6243,6225,5913,6151,6625,5956,6414,5872,7179,6436,7293,6401,6483,6436,6873,6946,6749,5978,6097,6623,6466,6630,6831,6588,6693,4766,5391,5648,5260,4989,5480,4771,5246,5691,5146,5616,5289,5669,5396,4027,4385,4059,4285,3246,554,5816,2327,3019,0,2098,1010,2849,2860,3487,2710,2090,3006,3095,2330,1781,3903,3599,2157,3793,6151,6956,4684,6588
Красноярский край,4441,4363,3827,4115,3855,4172,3736,4361,4036,4053,4292,3974,4376,3862,4145,4127,3815,4053,4527,3858,4316,3774,5081,4338,5195,4303,4385,4338,4775,4848,4651,3880,3999,4525,4368,4532,4733,4490,4595,2668,3293,3550,3162,2891,3382,2673,3148,3593,3048,3518,3191,3571,3298,1929,2287,1961,2187,1110,1544,3782,585,985,2098,0,1088,751,762,1389,612,4241,4098,4787,4022,3473,6053,5291,3849,4389,4018,4822,2550,4455
Иркутская область,5529,5451,4915,5203,4943,5260,4824,5449,5124,5141,5372,5054,5464,4950,5233,5215,4903,5141,5615,4946,5404,4862,6169,5426,6283,5391,5473,5426,5863,5935,5739,4968,5087,5613,5456,5620,5821,5578,5683,3756,4381,4638,4250,3979,4470,3761,4236,4681,4136,4606,4279,4659,4386,3017,3375,3049,3275,2246,456,4806,1317,2009,1010,1088,0,1839,1850,2477,1700,3198,3580,3961,3196,2647,5011,4465,3023,4198,5073,5878,3606,5510
Кемеровская область,3980,3902,3366,3654,3394,3711,3275,3900,3575,3592,3831,3513,3915,3401,3684,3666,3354,3592,4066,3397,3855,3313,4620,3877,4734,3842,3924,3877,4314,4387,4190,3419,3538,4064,3907,4071,4272,4029,4134,2207,2832,3089,2701,2430,2921,2212,2687,3132,2587,3057,2730,3110,2837,1468,1826,1500,1726,573,2295,3234,694,437,2849,751,1839,0,301,928,297,4774,4511,5538,4773,4224,6587,6042,4600,4720,3488,4292,2021,3925
Новосибирская область,3679,3601,3065,3353,3093,3410,2974,3599,3274,3291,3530,3212,3614,3100,3383,3365,3053,3291,3765,3096,3554,3012,4319,3576,4433,3541,3623,3576,4013,4086,3889,3118,3237,3763,3606,3770,3971,3728,3833,1906,2531,2788,2400,2129,2620,1911,2386,2831,2286,2756,2429,2809,2536,1167,1525,1199,1425,449,2306,3025,827,228,2860,762,1850,301,0,627,308,5032,4704,5549,4784,4235,6845,6053,4611,4874,3233,4037,1765,3670
Омская область,3052,2974,2438,2726,2466,2783,2347,2972,2647,2664,2903,2585,2987,2473,2756,2738,2426,2664,3138,2469,2927,2385,3692,2949,3806,2914,2996,2949,3386,3459,3262,2491,2610,3136,2979,3143,3344,3101,3206,1279,1904,2161,1773,1502,1993,1284,1759,2204,1659,2129,1802,2182,1909,540,898,572,798,1091,2933,2817,1446,821,3487,1389,2477,928,627,0,935,5672,5221,6176,5411,4862,7483,6680,5238,5237,2580,3384,1113,3017
Томская область,3987,3909,3373,3661,3401,3718,3282,3907,3582,3599,3838,3520,3922,3408,3691,3673,3361,3599,4073,3404,3862,3320,4627,3884,4741,3849,3931,3884,4321,4394,4197,3426,3545,4071,3914,4078,4279,4036,4141,2214,2839,3096,2708,2437,2928,2219,2694,3139,2594,3064,2737,3117,2844,1475,1833,1507,1733,708,2156,3328,887,531,2710,612,1700,297,308,935,0,4819,4515,5399,4634,4085,6632,5903,4461,4668,3487,4291,2019,3924
Республика Саха (Якутия) (Якутск-902),8055,7977,7441,7729,7469,7786,8252,8877,7650,7667,7906,7588,7990,8378,7759,7741,7429,7667,8141,7472,8642,8163,9484,8961,9565,8784,7999,8961,8801,8315,8823,8002,8189,8256,8583,8627,8706,8593,8584,6907,7587,7752,7435,7248,7603,6947,8588,7831,7165,7724,7358,7869,7522,6223,6582,6312,6488,5386,2754,3949,4576,5159,2090,4241,3198,4774,5032,5672,4819,0,1971,3112,2356,1786,1867,1867,2170,2342,8247,9051,6779,8684
Камчатский край (Петропавловск-Камчатский),7285,7125,6638,7083,6540,6939,6476,7196,6982,6776,7087,6796,7064,6897,6738,6917,6526,6776,6345,5781,5913,6387,7434,6639,5747,6741,6899,6639,7687,7344,7699,7164,7121,6582,7484,7628,7634,7618,7563,6098,6298,6616,6316,6056,6365,5836,7049,6481,6372,6708,6487,6807,6469,5598,5726,5472,5810,4706,3392,4214,4289,4752,3006,4098,3580,4511,4704,5221,4515,1971,0,2256,1727,2152,872,1319,1854,1679,8576,9380,7108,9012
Приморский край (Владивосток),9228,9150,8614,8902,8642,8959,8523,9148,8823,8840,9079,8761,9163,8649,8932,8914,8602,8840,9314,8645,9103,8561,9868,9125,9982,9090,9172,9125,9562,9635,9438,8667,8786,9312,9155,9319,9520,9277,9382,7455,8080,8337,7949,7678,8169,7460,7935,8380,7835,8305,7978,8358,8085,6716,7074,6748,6974,6160,3649,8505,5016,5708,3095,4787,3961,5538,5549,6176,5399,3112,2256,0,765,1532,4927,2118,938,3701,9019,9823,7551,9455
Хабаровский край,8463,8385,7849,8137,7877,8194,7758,8383,8058,8075,8314,7996,8398,7884,8167,8149,7837,8075,8549,7880,8338,7796,9103,8360,9217,8325,8407,8360,8797,8870,8673,7902,8021,8547,8390,8554,8755,8512,8617,6690,7315,7572,7184,6913,7404,6695,7170,7615,7070,7540,7213,7593,7320,5951,6309,5983,6209,5407,2884,7740,4251,4943,2330,4022,3196,4773,4784,5411,4634,2356,1727,765,0,767,4169,1353,173,3075,8263,9067,6795,8699
Амурская область (Благовещенск),7914,7836,7300,7588,7328,7645,7209,7834,7509,7526,7765,7447,7849,7335,7618,7600,7837,7526,8000,7331,7789,7247,8554,7811,8668,7776,7858,7811,8248,8321,8124,7353,7472,7998,7841,8005,8206,7963,8068,6141,6766,7023,6635,6364,6855,6146,6621,7066,6521,6991,6664,7044,6771,5402,5760,5434,5660,4834,2335,7191,3702,4394,1781,3473,2647,4224,4235,4862,4085,1786,2152,1532,767,0,3597,2036,594,3272,7738,8431,6270,8174
Магаданская область,10303,10457,9875,10048,9888,10254,9854,10272,9961,10062,10257,9979,10458,9826,10233,10167,9935,10062,10514,9499,10455,9976,11297,10765,11376,10597,10797,10765,10615,10132,10784,9814,10003,9981,10396,10440,10507,10406,10397,8720,9400,9634,9248,9070,9410,8760,10401,9647,8972,9531,9171,9632,9334,8036,8394,8125,8301,6765,4568,6728,6453,6982,3903,6053,5011,6587,6845,7483,6632,1867,872,4927,4169,3597,0,1499,3985,1487,10183,10987,8715,10620
Сахалинская область (Южно Сахалинск),9732,9654,9118,9406,9146,9463,9027,9652,9327,9344,9583,9265,9667,9153,9436,9418,9106,9344,9818,9149,9607,9065,10372,9629,10486,9594,9676,9629,10066,10139,9942,9171,9290,9816,9659,9823,10024,9781,9886,7959,8584,8841,8453,8182,8673,7964,8439,8884,8339,8809,8482,8862,8589,7220,7578,7252,7478,4036,4153,9009,5520,6212,3599,5291,4465,6042,6053,6680,5903,1867,1319,2118,1353,2036,1499,0,1442,2870,9806,10610,8338,10243
Еврейская авт. Область (Биробиджан),8290,8212,7676,7964,7704,8021,7585,8210,7885,7902,8141,7823,8225,7711,7994,7976,7664,7902,8376,7707,8165,7623,8930,8187,9044,8152,8234,8187,8624,8697,8500,7729,7848,8374,8217,8381,8582,8339,8444,6517,7142,7399,7011,6740,7231,6522,6997,7442,6897,7367,7040,7420,7147,5778,6136,5810,6036,5221,2711,7567,4078,4770,2157,3849,3023,4600,4611,5238,4461,2170,1854,938,173,594,3985,1442,0,3145,8080,8885,6613,8517
Чукотский автономный округ (Анадырь),6758,6524,6094,6588,5991,6352,5913,6648,6479,6193,6518,6265,6405,6425,6111,6357,5949,6193,5622,5288,5225,5784,6592,5886,4893,6021,6144,5886,7308,7022,7293,6914,6766,6005,7277,7335,7299,7353,7215,5834,5865,6183,5918,5703,5931,5504,6436,5991,6155,6289,6155,6434,6087,5472,5489,5305,5626,5023,4084,4684,4641,4988,3793,4389,4198,4720,4874,5237,4668,2342,1679,3701,3075,3272,1487,2870,3145,0,8605,11085,5960,1977
Ненецкий авт.округ (Наньян-Мар),3043,2765,2295,2886,2188,2564,2124,2901,2717,2369,2740,2542,2768,2697,2412,2561,2096,2369,2564,1153,1986,1898,3388,2551,3181,2487,2724,2551,3719,3267,3715,1986,2973,3445,3805,3676,3648,3761,3538,2304,1847,2282,1997,1964,1939,2049,1564,2117,2608,2429,2412,2601,2167,2765,2400,5018,2603,3678,5505,4697,4308,3460,6151,4018,5073,3488,3233,2580,3487,8247,8576,9019,8263,7738,10183,9806,8080,8605,0,4205,1648,1551
Республика Ингушетия (Магас),1383,1722,1903,1254,2014,1697,2107,1481,1370,1762,2187,1645,1975,1446,1936,1591,2036,1762,2786,2617,2998,2233,2730,2475,3629,2298,2487,2475,509,498,618,574,794,697,258,118,299,28,381,2050,1921,1507,1833,2164,1840,2491,2260,1782,2058,1379,1643,1167,1613,2735,2584,2886,2457,4482,6309,5501,5112,4264,6956,4822,5878,4292,4037,3384,4291,9051,9380,9823,9067,8431,10987,10610,8885,11085,4205,0,3540,4199
Ханты-Мансийский авт.округ-Югра (Ханты-Мансийск),3085,2996,2429,2825,2322,2795,2258,3058,2744,2601,2971,2560,2999,2608,2711,2792,2342,2601,3026,2055,2769,2489,3885,3142,3880,2940,3177,3142,3497,3045,3491,3176,2751,3220,3583,3454,3426,3539,3316,1507,1816,2187,1871,1439,1900,1168,1653,2139,1866,2320,1957,2379,2100,862,997,672,1079,2210,4037,3229,2840,1993,4684,2550,3606,2021,1765,1113,2019,6779,7108,7551,6795,6270,8715,8338,6613,5960,1648,3540,0,2085
Ямало-Ненецкий авт.округ (Салехард),3480,3202,2732,3323,2625,3001,2561,3338,3154,2806,3177,2979,3205,3134,2849,2998,2533,2806,3001,1590,2423,2335,3825,2988,3618,2924,3160,2988,4156,3704,4152,3835,3410,3882,4242,4113,4085,4198,3974,2741,2284,2719,2434,2401,2376,2486,2001,2554,3044,2866,2849,3038,2604,3201,2837,2391,3039,4114,5942,5134,4745,3897,6588,4455,5510,3925,3670,3017,3924,8684,9012,9455,8699,8174,10620,10243,8517,1977,1551,4199,2085,0
