X1,X2,X3,X4,X5,X6,X7,X8,X9,X10,X11,X12,X13,X14,X15,X16,X17,X18,X19,X20,X22,X23,X24,X25,X26,X27,X28,X29,X30,X31,X32,X33,X34,X35,X36,X37,X38,X39,X40,X41,X42,X43,X44,X45,X46,X47,X48,X49,X50,X51,X52,X53,X54,X55,X56,X57,X58,X59,X60,X61,X62,X63,X64,X65,X66,X67,X68,X69,X70,X71,X72,X73,X74,X75,X76,X77,X78,X79,X80,X81,X82,X83
0,4223,2107,6319,721,509,473,605,258,2503,2946,4156,1974,1663,8801,523,1929,3802,2232,4820,2037,4128,6873,7687,258,4775,2599,9562,352,8797,8248,2678,1013,1014,1350,1682,795,2044,1076,1826,5863,2253,1501,4314,2388,1915,2846,1064,2222,1176,10615,1653,3530,2187,2187,4013,3386,1961,1218,1498,2167,439,1450,1620,1204,10066,2714,1607,1313,1748,4321,1382,3018,1660,2588,1831,1653,2222,7308,8624,3719,3497
4223,0,2328,2601,4004,4482,4048,3736,4115,3221,3117,4114,3008,3173,5386,4014,2856,1647,2669,1248,3024,257,3246,4706,4392,1110,2368,6160,4003,5407,4834,4063,3422,3910,3412,2955,3646,3584,3656,3496,2246,4905,3862,573,4009,3464,1644,3880,4382,3574,6765,3669,4984,3255,4205,449,1091,2586,3865,3150,4416,3589,3587,2784,3240,4036,2003,4066,3435,3841,708,3775,1732,2943,1914,3543,3669,4382,5023,5221,3678,2210
2107,2328,0,4212,1967,2050,2131,2180,2101,2400,1731,2741,944,928,6907,2089,887,2667,616,2725,1019,2090,4766,6098,1983,2668,851,7455,1927,6690,6141,2189,1479,1773,1748,1433,1331,1647,1447,1484,3756,2667,1578,2207,1021,1609,739,1693,2178,1368,8720,1612,3068,1252,2143,1906,1279,409,1624,850,224,1857,1306,523,903,7959,607,1866,1194,1704,2214,1459,911,630,481,1618,1612,2178,5834,6517,2304,1507
6319,2601,4212,0,5912,6309,6076,6392,6277,6071,5402,5942,4837,5094,2754,6034,4706,5262,4435,1773,4926,2465,554,3392,6195,1544,4217,3649,6139,2884,2335,5860,5424,5985,5907,5371,5543,5318,5659,5399,456,6625,5716,2295,4692,5280,3473,5905,5882,5580,4568,5597,6739,5137,5847,2306,2933,4592,5836,5062,5929,6069,5518,4735,5115,4153,3831,5920,5406,5689,2156,5671,3505,4842,3731,5359,5597,5882,4084,2711,5505,4037
721,4004,1967,5912,0,258,360,792,561,2951,3147,4242,1934,1674,8583,288,1889,3277,2192,4295,2009,3603,6466,7484,791,4368,2559,9155,707,8390,7841,3069,488,1471,1807,2073,938,2435,1533,2217,5456,2710,1958,3907,2454,2306,2439,1521,2670,1563,10396,2101,3948,1998,2635,3606,2979,1758,1675,1509,2624,896,1802,1444,1164,9659,2433,2064,1544,2196,3914,1839,2611,1620,2181,2222,2101,2670,7277,8217,3805,3583
509,4482,2050,6309,258,0,118,498,299,2786,2617,4199,1921,1507,9051,28,1833,5501,2164,5112,1840,4264,6956,9380,618,4822,2491,9823,381,9067,8431,2998,574,1383,1722,1903,794,2233,1254,2014,5878,2730,1697,4292,2260,2107,2735,1481,2475,1370,10987,1762,3629,1782,2298,4037,3384,2058,2187,1379,2487,697,1645,1643,1167,10610,2584,1975,1446,1936,4291,1591,2886,1613,2457,2036,1762,2475,11085,8885,4205,3540
473,4048,2131,6076,360,118,0,544,313,2712,3155,4113,2098,1838,8627,132,2053,3441,2356,4459,2173,3767,6630,7628,543,4532,2723,9319,459,8554,8005,2887,652,1223,1559,1891,1004,2253,1285,2035,5620,2462,1710,4071,2597,2124,2603,1273,2431,1385,10440,1862,3739,2141,2396,3770,3143,1922,1427,1673,2376,648,1659,1608,1328,9823,2597,1816,1522,1957,4078,1591,2775,1784,2345,2040,1862,2431,7335,8381,3676,3454
605,3736,2180,6392,792,498,544,0,599,2712,3155,3704,2047,1736,8315,594,2002,3873,2305,4891,2110,4199,6946,7344,543,4848,2672,9635,285,8870,8321,2887,1084,1223,1559,1891,868,2253,1285,2035,5935,2462,1710,4387,2516,2124,2919,1273,2431,1385,10132,1862,3739,2060,2396,4086,3459,2034,1427,1571,2376,648,1659,1693,1277,10139,2787,1816,1503,1957,4394,1591,3091,1733,2661,2040,1862,2431,7022,8697,3267,3045
258,4115,2101,6277,561,299,313,599,0,2497,2940,4085,1968,1657,8706,363,1923,3642,2226,4660,2031,3968,6831,7634,328,4733,2593,9520,346,8755,8206,2672,789,1008,1344,1676,853,2038,1070,1820,5821,2247,1495,4272,2382,1909,2804,1058,2216,1170,10507,1647,3524,1926,2181,3971,3344,1955,1212,1492,2161,433,1444,1614,1198,10024,2708,1601,1307,1742,4279,1376,2976,1654,2546,1825,1647,2216,7299,8582,3648,3426
2503,3221,2400,6071,2951,2786,2712,2712,2497,0,1655,3001,1762,1523,8141,2762,1717,4606,1784,4584,1669,3949,6625,6345,2350,4527,1864,9314,2459,8549,8000,854,2463,1619,1216,1111,2027,753,1539,973,5615,1368,1092,4066,1390,854,2601,1491,393,1460,10514,920,1027,1263,464,3765,3138,2348,1337,1666,644,2064,1153,1966,1810,9818,2240,1073,1430,755,4073,1150,2566,1821,2492,933,920,393,5622,8376,2564,3026
2946,3117,1731,5402,3147,2617,3155,3155,2940,1655,0,1590,1583,1473,7472,3205,1452,4378,1115,3915,1627,3280,5956,5781,2793,3858,1195,8645,2902,7880,7331,1114,2659,2152,1838,1399,2360,902,1925,1263,4946,2467,1647,3397,721,1201,1932,1992,1492,1846,9499,1475,1993,1149,1539,3096,2469,2120,1838,1641,1743,2507,1537,1916,1983,9149,1571,1851,1816,1540,3404,1651,1897,1687,1823,1123,1475,1492,5288,7707,1153,2055
4156,4114,2741,5942,4242,4199,4113,3704,4085,3001,1590,0,2284,2719,8684,4198,2434,5134,2401,4745,2376,3897,6588,9012,4152,4455,2486,9455,3974,8699,8174,2423,3835,3480,3202,2732,3410,2335,3323,2625,5510,3825,3001,3925,2001,2561,3201,3338,2988,3154,10620,2806,3618,2554,2924,3670,3017,3044,3177,2866,3160,3882,2979,2849,3038,10243,2837,3205,3134,2849,3924,2998,2391,2604,3039,2533,2806,2988,1977,8517,1551,2085
1974,3008,944,4837,1934,1921,2098,2047,1968,1762,1583,2284,0,467,7587,2056,165,3214,468,3350,299,2715,5391,6298,1850,3293,835,8080,1794,7315,6766,1784,1446,1547,1280,744,1198,1150,1232,795,4381,2087,1089,2832,873,920,1367,1387,1522,1153,9400,970,2663,571,1487,2531,1904,956,1233,635,1568,1724,897,574,770,8584,1006,1293,979,1062,2839,1046,1332,314,1258,929,970,1522,5865,7142,1847,1816
1663,3173,928,5094,1674,1507,1838,1736,1657,1523,1473,2719,467,0,7752,1796,422,3083,725,3607,374,2972,5648,6616,1539,3550,1092,8337,1483,7572,7023,1545,1186,1091,1001,505,887,911,765,556,4638,1848,819,3089,780,681,1624,1011,1283,686,9634,731,2424,324,1248,2788,2161,825,892,168,1329,1301,430,443,510,8841,1263,1054,512,823,3096,712,1589,298,1409,690,731,1283,6183,7399,2282,2187
8801,5386,6907,2754,8583,9051,8627,8315,8706,6337,5668,8684,7587,7752,0,8593,7435,3949,7248,4576,7603,5159,2090,1971,8823,4241,6947,3112,8584,2356,1786,8642,8002,6251,6173,5637,8189,8163,5925,5665,3198,9484,5982,4774,8588,6448,6223,7073,8961,5846,1867,5863,9565,7831,8784,5032,5672,7165,6102,7724,6195,8256,5784,7358,7869,1867,6582,6186,6574,5955,4819,5937,6312,7522,6488,5625,5863,8961,2342,2170,8247,6779
523,4014,2089,6034,288,28,132,594,363,2762,3205,4198,2056,1796,8593,0,2011,3399,2314,4417,2131,3725,6588,7618,593,4490,2681,9277,509,8512,7963,2937,610,1273,1609,1941,1054,2303,1335,2085,5578,2512,1760,4029,2576,2174,2561,1323,2481,1435,10406,1912,3789,2120,2446,3728,3101,1880,1477,1631,2426,698,1709,1566,1286,9781,2555,1866,1572,2007,4036,1641,2733,1742,2303,2090,1912,2481,7353,8339,3761,3539
1929,2856,887,4706,1889,1833,2053,2002,1923,1717,1452,2434,165,422,7435,2011,0,3169,337,3219,254,2584,5260,6316,1805,3162,704,7949,1749,7184,6635,1739,1401,1502,1235,699,1153,1105,1187,750,4250,2042,1044,2701,742,875,1236,1342,1477,1108,9248,925,2618,526,1442,2400,1773,911,1188,590,1523,1679,852,529,725,8453,875,1248,934,1017,2708,1001,1201,269,1127,884,925,1477,5918,7011,1997,1871
3802,1647,2667,5262,3277,5501,3441,3873,3642,4606,4378,5134,3214,3083,3949,3399,3169,0,3263,3489,3289,2797,5816,4214,3812,3782,3288,8505,3756,7740,7191,4628,2789,3839,3834,3588,3141,3994,3513,3639,4806,4791,3731,3234,3668,3764,2811,3759,4333,3434,6728,3767,5507,3407,4298,3025,2817,2258,3707,3003,4380,3686,3461,2676,2880,9009,2902,3990,3260,3859,3328,3612,3080,2900,2650,3773,3767,4333,4684,7567,4697,3229
2232,2669,616,4435,2192,2164,2356,2305,2226,1784,1115,2401,468,725,7248,2314,337,3263,0,2948,557,2313,4989,6056,2108,2891,367,7678,2052,6913,6364,1573,1704,1805,1538,1002,1456,1031,1490,1053,3979,2338,1347,2430,405,993,965,1645,1595,1411,9070,1228,2452,829,1560,2129,1502,1005,1491,893,1641,1982,1155,832,1028,8182,604,1551,1237,1320,2437,1304,930,572,856,1072,1228,1595,5703,6740,1964,1439
4820,1248,2725,1773,4295,5112,4459,4891,4660,4584,3915,4745,3350,3607,4576,4417,3219,3489,2948,0,3439,692,2327,4289,4708,585,2730,5016,4652,4251,3702,4373,3807,4498,4420,3884,4056,3831,4172,3912,1317,5138,4229,694,3205,3793,1986,4418,4395,4093,6453,4110,5252,3650,4360,827,1446,2975,4349,3575,4442,4582,4031,3248,3628,5520,2344,4433,3919,4202,887,4184,2018,3355,2244,3872,4110,4395,4641,4078,4308,2840
2037,3024,1019,4926,2009,1840,2173,2110,2031,1669,1627,2376,299,374,7603,2131,254,3289,557,3439,0,2804,5480,6365,1913,3382,924,8169,1857,7404,6855,1691,1521,1454,1187,651,1261,1057,1139,702,4470,1994,996,2921,934,827,1456,1294,1429,1060,9410,877,2570,478,1394,2620,1993,1031,1140,542,1475,1675,804,649,845,8673,1095,1200,886,969,2928,953,1421,389,1347,836,877,1429,5931,7231,1939,1900
4128,257,2090,2465,3603,4264,3767,4199,3968,3949,3280,3897,2715,2972,5159,3725,2584,2797,2313,692,2804,0,3019,4752,4073,985,2095,5708,4017,4943,4394,3738,3115,3863,3785,3249,3421,3196,3537,3277,2009,4503,3594,437,2570,3158,1351,3783,3760,3458,6982,3475,4617,3015,3725,228,821,2283,3714,2940,3807,3947,3396,2613,2993,6212,1709,3798,3284,3567,531,3549,1383,2720,1609,3237,3475,3760,4988,4770,3460,1993
6873,3246,4766,554,6466,6956,6630,6946,6831,6625,5956,6588,5391,5648,2090,6588,5260,5816,4989,2327,5480,3019,0,3006,6749,2098,4771,3095,6693,2330,1781,6414,5978,6539,6461,5925,6097,5872,6213,5953,1010,7179,6270,2849,5246,5834,4027,6459,6436,6134,3903,6151,7293,5691,6401,2860,3487,5146,6390,5616,6483,6623,6072,5289,5669,3599,4385,6474,5960,6243,2710,6225,4059,5396,4285,5913,6151,6436,3793,2157,6151,4684
7687,4706,6098,3392,7484,9380,7628,7344,7634,6345,5781,9012,6298,6616,1971,7618,6316,4214,6056,4289,6365,4752,3006,0,7699,4098,5836,2256,7563,1727,2152,5913,7164,2779,2704,6638,7121,6387,7083,6540,3580,7434,6939,4511,7049,6476,5598,7196,6639,6982,872,6776,5747,6481,6741,4704,5221,6372,7087,6708,6899,6582,6796,6487,6807,1319,5726,7064,6897,6738,4515,6917,5472,6469,5810,6526,6776,6639,1679,1854,8576,7108
258,4392,1983,6195,791,618,543,543,328,2350,2793,4152,1850,1539,8823,593,1805,3812,2108,4708,1913,4073,6749,7699,0,4651,2475,9438,290,8673,8124,2525,1083,855,1197,1529,671,1891,923,1673,5739,2100,1348,4190,2235,1762,2722,911,2069,1023,10784,1500,3377,1779,2034,3889,3262,1837,1065,1374,2014,286,1297,1496,1080,9942,2590,1454,1160,1595,4197,1229,2894,1536,2462,1678,1500,2069,7293,8500,3715,3491
4775,1110,2668,1544,4368,4822,4532,4848,4733,4527,3858,4455,3293,3550,4241,4490,3162,3782,2891,585,3382,985,2098,4098,4651,0,2673,4787,4595,4022,3473,4316,3880,4441,4363,3827,3999,3774,4115,3855,1088,5081,4172,751,3148,3736,1929,4361,4338,4036,6053,4053,5195,3593,4303,762,1389,3048,4292,3518,4385,4525,3974,3191,3571,5291,2287,4376,3862,4145,612,4127,1961,3298,2187,3815,4053,4338,4389,3849,4018,2550
2599,2368,851,4217,2559,2491,2723,2672,2593,1864,1195,2486,835,1092,6947,2681,704,3288,367,2730,924,2095,4771,5836,2475,2673,0,7460,2419,6695,6146,1653,2071,2068,1788,1180,1823,1111,1841,1192,3761,2418,1587,2212,485,1073,747,1908,1675,1752,8760,1467,2532,930,1640,1911,1284,1260,1754,1260,1721,2349,1453,1199,1395,7964,386,1801,1604,1529,2219,1567,712,939,638,1152,1467,1675,5504,6522,2049,1168
9562,6160,7455,3649,9155,9823,9319,9635,9520,9314,8645,9455,8080,8337,3112,9277,7949,8505,7678,5016,8169,5708,3095,2256,9438,4787,7460,0,9382,765,1532,9103,8667,9228,9150,8614,8786,8561,8902,8642,3961,9868,8959,5538,7935,8523,6716,9148,9125,8823,4927,8840,9982,8380,9090,5549,6176,7835,9079,8305,9172,9312,8761,7978,8358,2118,7074,9163,8649,8932,5399,8914,6748,8085,6974,8602,8840,9125,3701,938,9019,7551
352,4003,1927,6139,707,381,459,285,346,2459,2902,3974,1794,1483,8584,509,1749,3756,2052,4652,1857,4017,6693,7563,290,4595,2419,9382,0,8617,8068,2634,999,970,1306,1638,615,2000,1032,1782,5683,2209,1457,4134,2263,1871,2666,1020,2178,1132,10397,1609,3486,1807,2143,3833,3206,1781,1174,1318,2123,395,1406,1440,1024,9886,2534,1563,1250,1704,4141,1338,2838,1480,2408,1787,1609,2178,7215,8444,3538,3316
8797,5407,6690,2884,8390,9067,8554,8870,8755,8549,7880,8699,7315,7572,2356,8512,7184,7740,6913,4251,7404,4943,2330,1727,8673,4022,6695,765,8617,0,767,8338,7902,8463,8385,7849,8021,7796,8137,7877,3196,9103,8194,4773,7170,7758,5951,8383,8360,8058,4169,8075,9217,7615,8325,4784,5411,7070,8314,7540,8407,8547,7996,7213,7593,1353,6309,8398,7884,8167,4634,8149,5983,7320,6209,7837,8075,8360,3075,173,8263,6795
8248,4834,6141,2335,7841,8431,8005,8321,8206,8000,7331,8174,6766,7023,1786,7963,6635,7191,6364,3702,6855,4394,1781,2152,8124,3473,6146,1532,8068,767,0,7789,7353,7914,7836,7300,7472,7247,7588,7328,2647,8554,7645,4224,6621,7209,5402,7834,7811,7509,3597,7526,8668,7066,7776,4235,4862,6521,7765,6991,7858,7998,7447,6664,7044,2036,5760,7849,7335,7618,4085,7600,5434,6771,5660,7837,7526,7811,3272,594,7738,6270
2678,4063,2189,5860,3069,2998,2887,2887,2672,854,1114,2423,1784,1545,8642,2937,1739,4628,1573,4373,1691,3738,6414,5913,2525,4316,1653,9103,2634,8338,7789,0,2581,1884,1570,1133,2145,634,1657,995,5404,2199,1379,3855,1179,933,2390,1724,1224,1578,10455,1207,1137,1285,1271,3554,2927,2370,1570,1713,1475,2239,1269,1988,1928,9607,2029,1583,1548,1272,3862,1383,2355,1843,2281,855,1207,1224,5225,8165,1986,2769
1013,3422,1479,5424,488,574,652,1084,789,2463,2659,3835,1446,1186,8002,610,1401,2789,1704,3807,1521,3115,5978,7164,1083,3880,2071,8667,999,7902,7353,2581,0,1347,1475,1585,450,1947,1126,1729,4968,2508,1512,3419,1966,1818,1951,1346,2182,1075,9814,1613,3460,1510,2147,3118,2491,1270,1348,1021,2228,995,1314,956,676,9171,1945,1731,1056,1708,3426,1393,2123,1132,1693,1734,1613,2182,6914,7729,1986,3176
1014,3910,1773,5985,1471,1383,1223,1223,1008,1619,2152,3480,1547,1091,8055,1273,1502,3839,1805,4498,1454,3863,6539,7285,855,4441,2068,9228,970,8463,7914,1884,1347,0,403,888,897,1250,348,1032,5529,1279,625,3980,1594,1121,2512,160,1338,432,10303,806,2646,1138,1285,3679,3052,1668,314,926,1226,575,716,1286,959,9732,2343,666,601,896,3987,505,2669,1326,2254,1037,806,1338,6758,8290,3043,3085
1350,3412,1748,5907,1807,1722,1559,1559,1344,1216,1838,3202,1280,1001,7977,1609,1235,3834,1538,4420,1187,3785,6461,7125,1197,4363,1788,9150,1306,8385,7836,1570,1475,403,0,608,1039,936,488,752,5451,1040,222,3902,1314,769,2437,286,935,400,10457,463,2243,858,882,3601,2974,1643,133,898,823,911,571,1261,954,9654,2076,263,574,528,3909,303,2402,1247,2229,723,463,935,6524,8212,2765,2996
1682,3483,1433,5371,2073,1903,1891,1891,1676,1111,1399,2732,744,505,7441,1941,699,3588,1002,3884,651,3249,5925,6638,1529,3827,1180,8614,1638,7849,7300,1133,1585,888,608,0,1149,499,661,144,4915,1415,417,3366,706,269,1901,728,864,582,9875,302,2012,829,829,3065,2438,1330,715,673,910,1243,273,948,932,9118,1540,621,552,390,3373,387,1866,803,1792,278,302,864,6094,7676,2295,2429
795,3646,1331,5543,938,794,1004,868,853,2027,2360,3410,1198,887,8189,1054,1153,3141,1456,4056,1261,3421,6097,7121,671,3999,1823,8786,615,8021,7472,2145,450,897,1039,1149,0,1511,690,1293,5087,2072,1076,3538,1667,1382,2070,902,1746,639,10003,1177,3024,1211,1711,3237,2610,1185,912,722,1792,545,878,844,428,9290,1938,1295,654,1272,3545,957,1938,884,1812,1298,1177,1746,6766,7848,2973,2751
2044,3584,1647,5318,2435,2233,2253,2253,2038,753,902,2335,1150,911,8163,2303,1105,3994,1031,3831,1057,3196,5872,6387,1891,3774,1111,8561,2000,7796,7247,634,1947,1250,936,499,1511,0,1023,361,4862,1565,745,3313,637,299,1848,1090,590,944,9976,573,1513,643,637,3012,2385,1736,936,1079,841,1605,635,1354,1294,9065,1487,949,914,638,3320,749,1813,1209,1739,221,573,590,5784,7623,1898,2489
1076,3656,1447,5659,1533,1254,1285,1285,1070,1539,1925,3323,1232,765,7729,1335,1187,3513,1490,4172,1139,3537,6213,7083,923,4115,1841,8902,1032,8137,7588,1657,1126,348,488,661,690,1023,0,805,5203,1491,588,3654,1367,894,2186,246,1258,151,10048,689,2536,911,1223,3353,2726,1342,361,600,1304,653,390,960,633,9406,2028,744,253,784,3661,469,2354,1000,1928,810,689,1258,6588,7964,2886,2825
1826,3496,1484,5399,2217,2014,2035,2035,1820,973,1263,2625,795,556,7469,2085,750,3639,1053,3912,702,3277,5953,6540,1673,3855,1192,8642,1782,7877,7328,995,1729,1032,752,144,1293,361,805,0,4943,1476,561,3394,718,131,1929,872,733,726,9888,394,1874,296,698,3093,2466,1381,718,724,779,1387,417,999,1066,9146,1568,765,696,459,3401,531,1894,854,1820,140,394,733,5991,7704,2188,2322
5863,2246,3756,456,5456,5878,5620,5935,5821,5615,4946,5510,4381,4638,3198,5578,4250,4806,3979,1317,4470,2009,1010,3580,5739,1088,3761,3961,5683,3196,2647,5404,4968,5529,5451,4915,5087,4862,5203,4943,0,6169,5260,1839,4236,4824,3017,5449,5426,5124,5011,5141,6283,4681,5391,1850,2477,4136,5372,4606,5473,5613,5054,4279,4659,4465,3375,5464,4950,5233,1700,5215,3049,4386,3275,4903,5141,5426,4198,3023,5073,3606
2253,4905,2667,6625,2710,2730,2462,2462,2247,1368,2467,3825,2087,1848,9484,2512,2042,4791,2338,5138,1994,4503,7179,7434,2100,5081,2418,9868,2209,9103,8554,2199,2508,1279,1040,1415,2072,1565,1491,1476,6169,0,1141,4620,1944,614,3155,1245,1035,1433,11297,1246,2395,1665,957,4319,3692,2562,1166,1817,724,1814,1423,2180,1911,10372,2794,801,1531,1139,4627,1222,3120,2099,3046,1436,1246,1035,6592,8930,3388,3885
1501,3862,1578,5716,1958,1697,1710,1710,1495,1092,1647,3001,1089,819,7786,1760,1044,3731,1347,4229,996,3594,6270,6939,1348,4172,1587,8959,1457,8194,7645,1379,1512,625,222,417,1076,745,588,561,5260,1141,0,3711,1123,578,2246,474,811,461,10254,272,2119,667,776,3410,2783,1473,320,728,839,473,389,1091,859,9463,1885,340,479,337,3718,133,2211,1065,2059,532,272,811,6352,8021,2564,2795
4314,573,2207,2295,3907,4292,4071,4387,4272,4066,3397,3925,2832,3089,4774,4029,2701,3234,2430,694,2921,437,2849,4511,4190,751,2212,5538,4134,4773,4224,3855,3419,3980,3902,3366,3538,3313,3654,3394,1839,4620,3711,0,2687,3275,1468,3900,3877,3575,6587,3592,4734,3132,3842,301,928,2587,3831,3057,3924,4064,3513,2730,3110,6042,1826,3915,3401,3684,297,3666,1500,2837,1726,3354,3592,3877,4720,4600,3488,2021
2388,4009,1021,4692,2454,2260,2597,2516,2382,1390,721,2001,873,780,8588,2576,742,3668,405,3205,934,2570,5246,7049,2235,3148,485,7935,2263,7170,6621,1179,1966,1594,1314,706,1667,637,1367,718,4236,1944,1123,2687,0,599,1222,1434,1201,1288,10401,993,2058,456,1166,2386,1759,1410,1280,948,1247,1949,979,1223,1290,8439,861,1327,1258,1055,2694,1093,1187,977,1113,678,993,1201,6436,6997,1564,1653
1915,3464,1609,5280,2306,2107,2124,2124,1909,854,1201,2561,920,681,8252,2174,875,3764,993,3793,827,3158,5834,6476,1762,3736,1073,8523,1871,7758,7209,933,1818,1121,769,269,1382,299,894,131,4824,614,578,3275,599,0,1810,961,614,815,9854,406,1357,579,579,2974,2347,1506,807,849,660,1476,506,1124,1165,9027,1449,782,785,468,3282,620,1775,979,1701,91,406,614,5913,7585,2124,2258
2846,1644,739,3473,2439,2735,2603,2919,2804,2601,1932,3201,1367,1624,6223,2561,1236,2811,965,1986,1456,1351,4027,5598,2722,1929,747,6716,2666,5951,5402,2390,1951,2512,2437,1901,2070,1848,2186,1929,3017,3155,2246,1468,1222,1810,0,2432,2412,2107,8036,2127,3269,1667,2377,1167,540,1119,2363,1589,2458,2596,2045,1262,1642,7220,361,2450,1933,2219,1475,2198,530,1369,258,1889,2127,2412,5472,5778,2765,862
1064,3880,1693,5905,1521,1481,1273,1273,1058,1491,1992,3338,1387,1011,8877,1323,1342,3759,1645,4418,1294,3783,6459,7196,911,4361,1908,9148,1020,8383,7834,1724,1346,160,286,728,902,1090,246,872,5449,1245,474,3900,1434,961,2432,0,1210,337,10272,646,2518,978,1162,3599,2972,1588,154,846,1103,625,616,1206,879,9652,2183,543,499,736,3907,345,2509,1246,2174,876,646,1210,6648,8210,2901,3058
2222,4382,2178,5882,2670,2475,2431,2431,2216,393,1492,2988,1522,1283,8961,2481,1477,4333,1595,4395,1429,3760,6436,6639,2069,4338,1675,9125,2178,8360,7811,1224,2182,1338,935,864,1746,590,1258,733,5426,1035,811,3877,1201,614,2412,1210,0,1179,10765,639,1420,1023,183,3576,2949,2075,1056,1385,311,1783,872,1693,1529,9629,2041,745,1149,474,3884,869,2377,1548,2303,693,639,0,5886,8187,2551,3142
1176,3574,1368,5580,1563,1370,1385,1385,1170,1460,1846,3154,1153,686,7650,1435,1108,3434,1411,4093,1060,3458,6134,6982,1023,4036,1752,8823,1132,8058,7509,1578,1075,432,400,582,639,944,151,726,5124,1433,461,3575,1288,815,2107,337,1179,0,9961,610,2457,832,1144,3274,2647,1263,273,521,1216,737,311,881,554,9327,1949,656,174,705,3582,342,2275,921,1849,731,610,1179,6479,7885,2717,2744
10615,6765,8720,4568,10396,10987,10440,10132,10507,10514,9499,10620,9400,9634,1867,10406,9248,6728,9070,6453,9410,6982,3903,872,10784,6053,8760,4927,10397,4169,3597,10455,9814,10303,6255,9875,10003,9976,10048,9888,5011,11297,10254,6587,10401,9854,8036,10272,10765,9961,0,10062,11376,9647,10597,6845,7483,8972,10257,9531,10797,9981,9979,9171,9632,1499,8394,10458,9826,10233,6632,10167,8125,9334,8301,9935,10062,10765,1487,3985,10183,8715
1653,3669,1612,5597,2101,1762,1862,1862,1647,920,1475,2806,970,731,7667,1912,925,3767,1228,4110,877,3475,6151,6776,1500,4053,1467,8840,1609,8075,7526,1207,1613,806,463,302,1177,573,689,394,5141,1246,272,3592,993,406,2127,646,639,610,10062,0,1947,552,604,3291,2664,1509,492,819,686,1214,306,1127,960,9344,1766,476,580,165,3599,305,2092,982,2018,360,0,639,6193,7902,2369,2601
3530,4984,3068,6739,3948,3629,3739,3739,3524,1027,1993,3618,2663,2424,9565,3789,2618,5507,2452,5252,2570,4617,7293,5747,3377,5195,2532,9982,3486,9217,8668,1137,3460,2646,2243,2012,3024,1513,2536,1874,6283,2395,2119,4734,2058,1357,3269,2518,1420,2457,11376,1947,0,2164,1491,4433,3806,3249,2364,2592,1671,3091,2148,2867,2807,10486,2908,2100,2427,1782,4741,2177,3234,2722,3160,1734,1947,1420,4893,9044,3181,3880
2187,3255,1252,5137,1998,1782,2141,2060,1926,1263,1149,2554,571,324,7831,2120,526,3407,829,3650,478,3015,5691,6481,1779,3593,930,8380,1807,7615,7066,1285,1510,1138,858,829,1211,643,911,296,4681,1665,667,3132,456,579,1667,978,1023,832,9647,552,2164,0,988,2831,2204,1149,824,492,233,1493,523,767,834,8884,1306,871,802,640,3139,637,1632,622,1558,430,552,1023,5991,7442,2117,2139
2187,4205,2143,5847,2635,2298,2396,2396,2181,464,1539,2924,1487,1248,8784,2446,1442,4298,1560,4360,1394,3725,6401,6741,2034,4303,1640,9090,2143,8325,7776,1271,2147,1285,882,829,1711,637,1223,698,5391,957,776,3842,1166,579,2377,1162,183,1144,10597,604,1491,988,0,3541,2914,2040,1008,1350,233,1748,837,1658,1494,9594,2016,619,1114,439,3849,834,2342,1513,2268,658,604,183,6021,8152,2487,2940
4013,449,1906,2306,3606,4037,3770,4086,3971,3765,3096,3670,2531,2788,5032,3728,2400,3025,2129,827,2620,228,2860,4704,3889,762,1911,5549,3833,4784,4235,3554,3118,3679,3601,3065,3237,3012,3353,3093,1850,4319,3410,301,2386,2974,1167,3599,3576,3274,6845,3291,4433,2831,3541,0,627,2286,3530,2756,3623,3763,3212,2429,2809,6053,1525,3614,3100,3383,308,3365,1199,2536,1425,3053,3291,3576,4874,4611,3233,1765
3386,1091,1279,2933,2979,3384,3143,3459,3344,3138,2469,3017,1904,2161,5672,3101,1773,2817,1502,1446,1993,821,3487,5221,3262,1389,1284,6176,3206,5411,4862,2927,2491,3052,2974,2438,2610,2385,2726,2466,2477,3692,2783,928,1759,2347,540,2972,2949,2647,7483,2664,3806,2204,2914,627,0,1659,2903,2129,2996,3136,2585,1802,2182,6680,898,2987,2473,2756,935,2738,572,1909,798,2426,2664,2949,5237,5238,2580,1113
1961,2586,409,4592,1758,2058,1922,2034,1955,2348,2120,3044,956,825,7165,1880,911,2258,1005,2975,1031,2283,5146,6372,1837,3048,1260,7835,1781,7070,6521,2370,1270,1668,1643,1330,1185,1736,1342,1381,4136,2562,1473,2587,1410,1506,1119,1588,2075,1263,8972,1509,3249,1149,2040,2286,1659,0,1519,745,2121,1711,1203,418,776,8339,1016,1761,1089,1601,2594,1354,1291,642,861,1515,1509,2075,6155,6897,2608,1866
1218,3865,1624,5836,1675,2187,1427,1427,1212,1337,1838,3177,1233,892,7906,1477,1188,3707,1491,4349,1140,3714,6390,7087,1065,4292,1754,9079,1174,8314,7765,1570,1348,314,133,715,912,936,361,718,5372,1166,320,3831,1280,807,2363,154,1056,273,10257,492,2364,824,1008,3530,2903,1519,0,774,950,779,462,1137,827,9583,2029,389,447,582,3838,191,2355,1138,2105,722,492,1056,6518,8141,2740,2971
1498,3150,850,5062,1509,1379,1673,1571,1492,1666,1641,2866,635,168,7724,1631,590,3003,893,3575,542,2940,5616,6708,1374,3518,1260,8305,1318,7540,6991,1713,1021,926,898,673,722,1079,600,724,4606,1817,728,3057,948,849,1589,846,1385,521,9531,819,2592,492,1350,2756,2129,745,774,0,1431,1136,515,363,345,8809,1431,1016,347,911,3064,609,1757,403,1331,858,819,1385,6289,7367,2429,2320
2167,4416,224,5929,2624,2487,2376,2376,2161,644,1743,3160,1568,1329,7999,2426,1523,4380,1641,4442,1475,3807,6483,6899,2014,4385,1721,9172,2123,8407,7858,1475,2228,1226,823,910,1792,841,1304,779,5473,724,839,3924,1247,660,2458,1103,311,1216,10797,686,1671,233,233,3623,2996,2121,950,1431,0,1728,919,1739,1575,9676,2097,561,1196,521,3931,916,2423,1594,2349,740,686,311,6144,8234,2724,3177
439,3589,1857,6069,896,697,648,648,433,2064,2507,3882,1724,1301,8256,698,1679,3686,1982,4582,1675,3947,6623,6582,286,4525,2349,9312,395,8547,7998,2239,995,575,911,1243,545,1605,653,1387,5613,1814,473,4064,1949,1476,2596,625,1783,737,9981,1214,3091,1493,1748,3763,3136,1711,779,1136,1728,0,1021,1370,954,9816,2464,1168,891,1309,4071,943,2768,1410,2338,1392,1214,1783,6005,8374,3445,3220
1450,3587,1306,5518,1802,1645,1659,1659,1444,1153,1537,2979,897,430,7588,1709,852,3461,1155,4031,804,3396,6072,6796,1297,3974,1453,8761,1406,7996,7447,1269,1314,716,571,273,878,635,390,417,5054,1423,389,3513,979,506,2045,616,872,311,9979,306,2148,523,837,3212,2585,1203,462,515,919,1021,0,821,661,9265,1693,629,281,398,3520,282,2019,676,1787,421,306,872,6265,7823,2542,2560
1620,2784,523,4735,1444,1643,1608,1693,1614,1966,1916,2849,574,443,7358,1566,529,2676,832,3248,649,2613,5289,6487,1496,3191,1199,7978,1440,7213,6664,1988,956,1286,1261,948,844,1354,960,999,4279,2180,1091,2730,1223,1124,1262,1206,1693,881,9171,1127,2867,767,1658,2429,1802,418,1137,363,1739,1370,821,0,416,8482,1130,1379,707,1219,2737,972,1434,260,1004,1133,1127,1693,6155,7040,2412,1957
1204,3240,903,5115,1164,1167,1328,1277,1198,1810,1983,3038,770,510,7869,1286,725,2880,1028,3628,845,2993,5669,6807,1080,3571,1395,8358,1024,7593,7044,1928,676,959,954,932,428,1294,633,1066,4659,1911,859,3110,1290,1165,1642,879,1529,554,9632,960,2807,834,1494,2809,2182,776,827,345,1575,954,661,416,0,8862,1510,1110,380,1055,3117,740,1814,456,1384,1081,960,1529,6434,7420,2601,2379
10066,4036,7959,4153,9659,10610,9823,10139,10024,9818,9149,10243,8584,8841,1867,9781,8453,9009,8182,5520,8673,6212,3599,1319,9942,5291,7964,2118,9886,1353,2036,9607,9171,9732,9654,9118,9290,9065,9406,9146,4465,10372,9463,6042,8439,9027,7220,9652,9629,9327,1499,9344,10486,8884,9594,6053,6680,8339,9583,8809,9676,9816,9265,8482,8862,0,7578,9667,9153,9436,5903,9418,7252,8589,7478,9106,9344,9629,2870,1442,9806,8338
2714,2003,607,3831,2433,2584,2597,2787,2708,2240,1571,2837,1006,1263,6582,2555,875,2902,604,2344,1095,1709,4385,5726,2590,2287,386,7074,2534,6309,5760,2029,1945,2343,2076,1540,1938,1487,2028,1568,3375,2794,1885,1826,861,1449,361,2183,2041,1949,8394,1766,2908,1306,2016,1525,898,1016,2029,1431,2097,2464,1693,1130,1510,7578,0,2089,1775,1858,1833,1842,326,1110,252,1528,1766,2041,5489,6136,2400,997
1607,4066,1866,5920,2064,1975,1816,1816,1601,1073,1851,3205,1293,1054,7990,1866,1248,3990,1551,4433,1200,3798,6474,7064,1454,4376,1801,9163,1563,8398,7849,1583,1731,666,263,621,1295,949,744,765,5464,801,340,3915,1327,782,2450,543,745,656,10458,476,2100,871,619,3614,2987,1761,389,1016,561,1168,629,1379,1110,9667,2089,0,730,476,3922,421,2415,1305,2341,736,476,745,6405,8225,2768,2999
1313,3435,1194,5406,1544,1446,1522,1503,1307,1430,1816,3134,979,512,8378,1572,934,3260,1237,3919,886,3284,5960,6897,1160,3862,1604,8649,1250,7884,7335,1548,1056,601,574,552,654,914,253,696,4950,1531,479,3401,1258,785,1933,499,1149,174,9826,580,2427,802,1114,3100,2473,1089,447,347,1196,891,281,707,380,9153,1775,730,0,675,3408,360,2101,747,1675,701,580,1149,6425,7711,2697,2608
1748,3841,1704,5689,2196,1936,1957,1957,1742,755,1540,2849,1062,823,7759,2007,1017,3859,1320,4202,969,3567,6243,6738,1595,4145,1529,8932,1704,8167,7618,1272,1708,896,528,390,1272,638,784,459,5233,1139,337,3684,1055,468,2219,736,474,705,10233,165,1782,640,439,3383,2756,1601,582,911,521,1309,398,1219,1055,9436,1858,476,675,0,3691,395,2184,1074,2110,425,165,474,6111,7994,2412,2711
4321,708,2214,2156,3914,4291,4078,4394,4279,4073,3404,3924,2839,3096,4819,4036,2708,3328,2437,887,2928,531,2710,4515,4197,612,2219,5399,4141,4634,4085,3862,3426,3987,3909,3373,3545,3320,3661,3401,1700,4627,3718,297,2694,3282,1475,3907,3884,3582,6632,3599,4741,3139,3849,308,935,2594,3838,3064,3931,4071,3520,2737,3117,5903,1833,3922,3408,3691,0,3673,1507,2844,1733,3361,3599,3884,4668,4461,3487,2019
1382,3775,1459,5671,1839,1591,1591,1591,1376,1150,1651,2998,1046,712,7741,1641,1001,3612,1304,4184,953,3549,6225,6917,1229,4127,1567,8914,1338,8149,7600,1383,1393,505,303,387,957,749,469,531,5215,1222,133,3666,1093,620,2198,345,869,342,10167,305,2177,637,834,3365,2738,1354,191,609,916,943,282,972,740,9418,1842,421,360,395,3673,0,2168,958,1940,536,305,869,6357,7976,2561,2792
3018,1732,911,3505,2611,2886,2775,3091,2976,2566,1897,2391,1332,1589,6312,2733,1201,3080,930,2018,1421,1383,4059,5472,2894,1961,712,6748,2838,5983,5434,2355,2123,2669,2402,1866,1938,1813,2354,1894,3049,3120,2211,1500,1187,1775,530,2509,2377,2275,8125,2092,3234,1632,2342,1199,572,1291,2355,1757,2423,2768,2019,1434,1814,7252,326,2415,2101,2184,1507,2168,0,1436,430,1854,2092,2377,5305,5810,5018,672
1660,2943,630,4842,1620,1613,1784,1733,1654,1821,1687,2604,314,298,7522,1742,269,2900,572,3355,389,2720,5396,6469,1536,3298,939,8085,1480,7320,6771,1843,1132,1326,1247,803,884,1209,1000,854,4386,2099,1065,2837,977,979,1369,1246,1548,921,9334,982,2722,622,1513,2536,1909,642,1138,403,1594,1410,676,260,456,8589,1110,1305,747,1074,2844,958,1436,0,1111,988,982,1548,6087,7147,2167,2100
2588,1914,481,3731,2181,2457,2345,2661,2546,2492,1823,3039,1258,1409,6488,2303,1127,2650,856,2244,1347,1609,4285,5810,2462,2187,638,6974,2408,6209,5660,2281,1693,2254,2229,1792,1812,1739,1928,1820,3275,3046,2059,1726,1113,1701,258,2174,2303,1849,8301,2018,3160,1558,2268,1425,798,861,2105,1331,2349,2338,1787,1004,1384,7478,252,2341,1675,2110,1733,1940,430,1111,0,1780,2018,2303,5626,6036,2603,1079
1831,3543,1618,5359,2222,2036,2040,2040,1825,933,1123,2533,929,690,7429,2090,884,3773,1072,3872,836,3237,5913,6526,1678,3815,1152,8602,1787,7837,7837,855,1734,1037,723,278,1298,221,810,140,4903,1436,532,3354,678,91,1889,876,693,731,9935,360,1734,430,658,3053,2426,1515,722,858,740,1392,421,1133,1081,9106,1528,736,701,425,3361,536,1854,988,1780,0,360,693,5949,7664,2096,2342
1653,3669,1612,5597,2101,1762,1862,1862,1647,920,1475,2806,970,731,7667,1912,925,3767,1228,4110,877,3475,6151,6776,1500,4053,1467,8840,1609,8075,7526,1207,1613,806,463,302,1177,573,689,394,5141,1246,272,3592,993,406,2127,646,639,610,10062,0,1947,552,604,3291,2664,1509,492,819,686,1214,306,1127,960,9344,1766,476,580,165,3599,305,2092,982,2018,360,0,639,6193,7902,2369,2601
2222,4382,2178,5882,2670,2475,2431,2431,2216,393,1492,2988,1522,1283,8961,2481,1477,4333,1595,4395,1429,3760,6436,6639,2069,4338,1675,9125,2178,8360,7811,1224,2182,1338,935,864,1746,590,1258,733,5426,1035,811,3877,1201,614,2412,1210,0,1179,10765,639,1420,1023,183,3576,2949,2075,1056,1385,311,1783,872,1693,1529,9629,2041,745,1149,474,3884,869,2377,1548,2303,693,639,0,5886,8187,2551,3142
7308,5023,5834,4084,7277,11085,7335,7022,7299,5622,5288,1977,5865,6183,2342,7353,5918,4684,5703,4641,5931,4988,3793,1679,7293,4389,5504,3701,7215,3075,3272,5225,6914,6758,6524,6094,6766,5784,6588,5991,4198,6592,6352,4720,6436,5913,5472,6648,5886,6479,1487,6193,4893,5991,6021,4874,5237,6155,6518,6289,6144,6005,6265,6155,6434,2870,5489,6405,6425,6111,4668,6357,5305,6087,5626,5949,6193,5886,0,3145,8605,5960
8624,5221,6517,2711,8217,8885,8381,8697,8582,8376,7707,8517,7142,7399,2170,8339,7011,7567,6740,4078,7231,4770,2157,1854,8500,3849,6522,938,8444,173,594,8165,7729,8290,8212,7676,7848,7623,7964,7704,3023,8930,8021,4600,6997,7585,5778,8210,8187,7885,3985,7902,9044,7442,8152,4611,5238,6897,8141,7367,8234,8374,7823,7040,7420,1442,6136,8225,7711,7994,4461,7976,5810,7147,6036,7664,7902,8187,3145,0,8080,6613
3719,3678,2304,5505,3805,4205,3676,3267,3648,2564,1153,1551,1847,2282,8247,3761,1997,4697,1964,4308,1939,3460,6151,8576,3715,4018,2049,9019,3538,8263,7738,1986,1986,3043,2765,2295,2973,1898,2886,2188,5073,3388,2564,3488,1564,2124,2765,2901,2551,2717,10183,2369,3181,2117,2487,3233,2580,2608,2740,2429,2724,3445,2542,2412,2601,9806,2400,2768,2697,2412,3487,2561,5018,2167,2603,2096,2369,2551,8605,8080,0,1648
3497,2210,1507,4037,3583,3540,3454,3045,3426,3026,2055,2085,1816,2187,6779,3539,1871,3229,1439,2840,1900,1993,4684,7108,3491,2550,1168,7551,3316,6795,6270,2769,3176,3085,2996,2429,2751,2489,2825,2322,3606,3885,2795,2021,1653,2258,862,3058,3142,2744,8715,2601,3880,2139,2940,1765,1113,1866,2971,2320,3177,3220,2560,1957,2379,8338,997,2999,2608,2711,2019,2792,672,2100,1079,2342,2601,3142,5960,6613,1648,0
