"X1","X2","X3","X4","X5","X6","X7","X8","X9","X10","X11","X12","X13","X14","X15","X16","X17","X18","X19","X20","X22","X23","X24","X25","X26","X27","X28","X29","X30","X31","X32","X33","X34","X35","X36","X37","X38","X39","X40","X41","X42","X43","X44","X45","X46","X47","X48","X49","X50","X51","X52","X53","X54","X55","X56","X57","X58","X59","X60","X61","X62","X63","X64","X65","X66","X67","X68","X69","X70","X71","X72","X73","X74","X75","X76","X77","X78","X79","X80","X81","X82","X83"
0,0.000236798484489699,0.000474608448030375,0.000158252888115208,0.0013869625520111,0.00196463654223969,0.00211416490486258,0.00165289256198347,0.00387596899224806,0.000399520575309628,0.000339443312966735,0.000240615976900866,0.000506585612968592,0.000601322910402886,0.000113623451880468,0.00191204588910134,0.000518403317781234,0.000263019463440295,0.000448028673835125,0.00020746887966805,0.000490918016691213,0.000242248062015504,0.000145496871817256,0.000130089761935736,0.00387596899224806,0.000209424083769634,0.000384763370527126,0.000104580631667015,0.00284090909090909,0.000113675116516994,0.000121241513094083,0.000373412994772218,0.000987166831194472,0.000986193293885602,0.000740740740740741,0.000594530321046373,0.00125786163522013,0.000489236790606654,0.000929368029739777,0.000547645125958379,0.000170561146170902,0.000443852640923213,0.000666222518321119,0.000231803430690774,0.000418760469011725,0.000522193211488251,0.000351370344342937,0.00093984962406015,0.00045004500450045,0.000850340136054422,9.42063118228921e-05,0.000604960677555959,0.00028328611898017,0.000457247370827618,0.000457247370827618,0.00024919013207077,0.000295333727111636,0.000509943906170321,0.000821018062397373,0.000667556742323097,0.000461467466543609,0.00227790432801822,0.000689655172413793,0.000617283950617284,0.000830564784053156,9.93443274389032e-05,0.000368459837877671,0.000622277535780958,0.000761614623000762,0.0005720823798627,0.000231427910205971,0.000723589001447178,0.000331345261762757,0.000602409638554217,0.000386398763523957,0.000546149645002731,0.000604960677555959,0.00045004500450045,0.000136836343732895,0.00011595547309833,0.000268889486421081,0.000285959393766085
0.000236798484489699,0,0.000429553264604811,0.000384467512495194,0.00024975024975025,0.000223114680946006,0.00024703557312253,0.000267665952890792,0.000243013365735115,0.000310462589257994,0.000320821302534488,0.000243072435585805,0.000332446808510638,0.000315159155373464,0.000185666542888971,0.000249128051818635,0.000350140056022409,0.000607164541590771,0.000374672161858374,0.000801282051282051,0.000330687830687831,0.00389105058365759,0.000308071472581639,0.000212494687632809,0.000227686703096539,0.000900900900900901,0.000422297297297297,0.000162337662337662,0.00024981264051961,0.000184945441094877,0.000206868018204386,0.00024612355402412,0.000292226767971946,0.000255754475703325,0.000293083235638921,0.000338409475465313,0.000274273176083379,0.000279017857142857,0.000273522975929978,0.00028604118993135,0.000445235975066785,0.000203873598369011,0.000258933195235629,0.00174520069808028,0.000249438762783737,0.000288683602771363,0.000608272506082725,0.000257731958762887,0.000228206298493838,0.000279798545047566,0.000147819660014782,0.000272553829381303,0.000200642054574639,0.000307219662058372,0.000237812128418549,0.0022271714922049,0.000916590284142988,0.000386697602474865,0.000258732212160414,0.000317460317460317,0.000226449275362319,0.000278629144608526,0.000278784499581823,0.000359195402298851,0.000308641975308642,0.000247770069375619,0.000499251123315027,0.000245941957697983,0.000291120815138282,0.000260348867482426,0.00141242937853107,0.000264900662251656,0.000577367205542725,0.000339789330615019,0.000522466039707419,0.000282246683601468,0.000272553829381303,0.000228206298493838,0.000199084212621939,0.00019153418885271,0.000271886895051658,0.000452488687782805
0.000474608448030375,0.000429553264604811,0,0.000237416904083571,0.000508388408744281,0.00048780487804878,0.000469263256687001,0.000458715596330275,0.000475963826749167,0.000416666666666667,0.000577700751010976,0.000364830353885443,0.00105932203389831,0.00107758620689655,0.000144780657304184,0.000478697941598851,0.00112739571589628,0.000374953130858643,0.00162337662337662,0.00036697247706422,0.00098135426889107,0.000478468899521531,0.000209819555182543,0.000163988192850115,0.000504286434694907,0.000374812593703148,0.00117508813160987,0.000134138162307176,0.000518941359626362,0.000149476831091181,0.000162839928350432,0.000456829602558246,0.000676132521974307,0.000564015792442188,0.0005720823798627,0.000697836706210747,0.000751314800901578,0.000607164541590771,0.000691085003455425,0.000673854447439353,0.000266240681576145,0.000374953130858643,0.000633713561470215,0.000453103760761214,0.000979431929480901,0.000621504039776259,0.0013531799729364,0.000590667454223272,0.000459136822773186,0.000730994152046784,0.000114678899082569,0.000620347394540943,0.000325945241199478,0.000798722044728434,0.000466635557629491,0.000524658971668416,0.000781860828772478,0.00244498777506112,0.00061576354679803,0.00117647058823529,0.00446428571428571,0.00053850296176629,0.000765696784073507,0.00191204588910134,0.00110741971207087,0.000125643925116221,0.00164744645799012,0.000535905680600214,0.000837520938023451,0.000586854460093897,0.0004516711833785,0.000685400959561343,0.00109769484083425,0.00158730158730159,0.00207900207900208,0.000618046971569839,0.000620347394540943,0.000459136822773186,0.000171408981830648,0.000153444836581249,0.000434027777777778,0.0006635700066357
0.000158252888115208,0.000384467512495194,0.000237416904083571,0,0.00016914749661705,0.000158503724837534,0.000164581961816985,0.000156445556946183,0.000159311773140035,0.000164717509471257,0.000185116623472788,0.000168293503870751,0.000206739714699194,0.000196309383588536,0.000363108206245461,0.000165727543917799,0.000212494687632809,0.000190041809198024,0.000225479143179256,0.000564015792442188,0.000203004466098254,0.000405679513184584,0.00180505415162455,0.000294811320754717,0.000161420500403551,0.000647668393782383,0.000237135404315864,0.000274047684297068,0.000162892979312592,0.000346740638002774,0.000428265524625268,0.000170648464163823,0.000184365781710914,0.000167084377610693,0.000169290672083968,0.00018618506795755,0.000180407721450478,0.000188040616773223,0.000176709666018731,0.000185219485089831,0.00219298245614035,0.000150943396226415,0.000174947515745276,0.000435729847494553,0.000213128729752771,0.000189393939393939,0.000287935502447452,0.000169348010160881,0.000170010200612037,0.00017921146953405,0.000218914185639229,0.000178667143112382,0.000148389968838107,0.00019466614755694,0.00017102787754404,0.000433651344319167,0.000340947834981248,0.000217770034843206,0.000171350239890336,0.000197550375345713,0.000168662506324844,0.000164771791069369,0.000181225081551287,0.000211193241816262,0.000195503421309873,0.000240789790512882,0.000261028452101279,0.000168918918918919,0.000184979652238254,0.000175777816839515,0.000463821892393321,0.000176335743255158,0.000285306704707561,0.000206526228831062,0.000268024658268561,0.000186601977980967,0.000178667143112382,0.000170010200612037,0.000244857982370225,0.000368867576540022,0.000181653042688465,0.00024770869457518
0.0013869625520111,0.00024975024975025,0.000508388408744281,0.00016914749661705,0,0.00387596899224806,0.00277777777777778,0.00126262626262626,0.0017825311942959,0.000338868180277872,0.000317762948840165,0.000235737859500236,0.000517063081695967,0.000597371565113501,0.00011650937900501,0.00347222222222222,0.000529380624669137,0.000305157155935307,0.000456204379562044,0.000232828870779977,0.000497760079641613,0.000277546489036914,0.000154655119084442,0.000133618385889898,0.00126422250316056,0.000228937728937729,0.000390777647518562,0.000109229929000546,0.00141442715700141,0.000119189511323004,0.000127534753220253,0.000325839035516455,0.00204918032786885,0.000679809653297077,0.000553403431101273,0.000482392667631452,0.00106609808102345,0.000410677618069815,0.000652315720808871,0.0004510599909788,0.000183284457478006,0.0003690036900369,0.000510725229826353,0.000255950857435372,0.000407497962510187,0.000433651344319167,0.000410004100041,0.000657462195923734,0.000374531835205993,0.000639795265515035,9.61908426317815e-05,0.000475963826749167,0.000253292806484296,0.0005005005005005,0.000379506641366224,0.000277315585135885,0.000335683115139308,0.000568828213879408,0.000597014925373134,0.000662690523525514,0.00038109756097561,0.00111607142857143,0.000554938956714761,0.000692520775623269,0.000859106529209622,0.00010353038616834,0.00041101520756268,0.000484496124031008,0.000647668393782383,0.000455373406193078,0.000255493101686254,0.000543773790103317,0.000382995021064726,0.000617283950617284,0.000458505272810637,0.00045004500450045,0.000475963826749167,0.000374531835205993,0.000137419266181119,0.00012169891687964,0.00026281208935611,0.000279095729835334
0.00196463654223969,0.000223114680946006,0.00048780487804878,0.000158503724837534,0.00387596899224806,0,0.00847457627118644,0.00200803212851406,0.00334448160535117,0.000358937544867193,0.000382116927779901,0.000238151940938319,0.000520562207183758,0.0006635700066357,0.000110485029278533,0.0357142857142857,0.000545553737043099,0.000181785129976368,0.000462107208872458,0.000195618153364632,0.000543478260869565,0.000234521575984991,0.000143760782058654,0.000106609808102345,0.00161812297734628,0.000207382828701783,0.000401445202729827,0.000101801893515219,0.0026246719160105,0.000110290062865336,0.000118609892064998,0.000333555703802535,0.00174216027874564,0.000723065798987708,0.000580720092915215,0.000525486074619023,0.00125944584382872,0.000447828034034931,0.000797448165869219,0.000496524329692155,0.000170125893160939,0.000366300366300366,0.000589275191514437,0.000232991612301957,0.000442477876106195,0.000474608448030375,0.00036563071297989,0.000675219446320054,0.000404040404040404,0.00072992700729927,9.10166560480568e-05,0.000567536889897843,0.000275558004960044,0.000561167227833895,0.000435161009573542,0.00024770869457518,0.000295508274231678,0.000485908649173955,0.000457247370827618,0.000725163161711385,0.000402090872537193,0.00143472022955524,0.00060790273556231,0.000608642726719416,0.000856898029134533,9.42507068803016e-05,0.000386996904024768,0.000506329113924051,0.000691562932226833,0.000516528925619835,0.000233045910044279,0.000628535512256443,0.000346500346500347,0.000619962802231866,0.000407000407000407,0.000491159135559921,0.000567536889897843,0.000404040404040404,9.021199819576e-05,0.000112549240292628,0.000237812128418549,0.000282485875706215
0.00211416490486258,0.00024703557312253,0.000469263256687001,0.000164581961816985,0.00277777777777778,0.00847457627118644,0,0.00183823529411765,0.00319488817891374,0.000368731563421829,0.000316957210776545,0.000243131534159981,0.000476644423260248,0.000544069640914037,0.000115915150110119,0.00757575757575758,0.000487092060399416,0.000290613193839,0.000424448217317487,0.000224265530387979,0.000460193281178095,0.000265463233342182,0.000150829562594268,0.000131095962244363,0.00184162062615101,0.000220653133274493,0.000367242012486228,0.000107307651035519,0.00217864923747277,0.000116904372223521,0.000124921923797626,0.000346380325597506,0.00153374233128834,0.000817661488143908,0.00064143681847338,0.000528820729772607,0.00099601593625498,0.000443852640923213,0.000778210116731518,0.000491400491400491,0.000177935943060498,0.000406173842404549,0.000584795321637427,0.000245639891918448,0.000385059684251059,0.000470809792843691,0.000384172109104879,0.000785545954438335,0.000411353352529823,0.000722021660649819,9.57854406130268e-05,0.000537056928034372,0.000267451190157796,0.000467071461933676,0.000417362270450751,0.00026525198938992,0.000318167356029271,0.000520291363163372,0.000700770847932726,0.000597728631201434,0.000420875420875421,0.00154320987654321,0.000602772754671489,0.000621890547263682,0.000753012048192771,0.000101801893515219,0.000385059684251059,0.000550660792951542,0.000657030223390276,0.000510986203372509,0.000245218244237371,0.000628535512256443,0.00036036036036036,0.000560538116591928,0.000426439232409382,0.000490196078431373,0.000537056928034372,0.000411353352529823,0.000136332651670075,0.000119317503877819,0.000272034820457019,0.000289519397799653
0.00165289256198347,0.000267665952890792,0.000458715596330275,0.000156445556946183,0.00126262626262626,0.00200803212851406,0.00183823529411765,0,0.00166944908180301,0.000368731563421829,0.000316957210776545,0.000269978401727862,0.000488519785051295,0.000576036866359447,0.000120264582080577,0.00168350168350168,0.0004995004995005,0.000258197779499096,0.000433839479392625,0.000204457166223676,0.0004739336492891,0.000238151940938319,0.000143967751223726,0.000136165577342048,0.00184162062615101,0.000206270627062706,0.000374251497005988,0.000103788271925272,0.00350877192982456,0.000112739571589628,0.000120177863237592,0.000346380325597506,0.000922509225092251,0.000817661488143908,0.00064143681847338,0.000528820729772607,0.00115207373271889,0.000443852640923213,0.000778210116731518,0.000491400491400491,0.00016849199663016,0.000406173842404549,0.000584795321637427,0.000227946204695692,0.000397456279809221,0.000470809792843691,0.000342583076396026,0.000785545954438335,0.000411353352529823,0.000722021660649819,9.86971969996052e-05,0.000537056928034372,0.000267451190157796,0.000485436893203883,0.000417362270450751,0.000244738130200685,0.000289100896212778,0.000491642084562439,0.000700770847932726,0.00063653723742839,0.000420875420875421,0.00154320987654321,0.000602772754671489,0.000590667454223272,0.000783085356303837,9.86290561199329e-05,0.00035880875493362,0.000550660792951542,0.000665335994677312,0.000510986203372509,0.000227583067819754,0.000628535512256443,0.000323519896473633,0.000577034045008655,0.000375798571965427,0.000490196078431373,0.000537056928034372,0.000411353352529823,0.000142409569923099,0.000114982177762447,0.000306091215182124,0.000328407224958949
0.00387596899224806,0.000243013365735115,0.000475963826749167,0.000159311773140035,0.0017825311942959,0.00334448160535117,0.00319488817891374,0.00166944908180301,0,0.00040048057669203,0.000340136054421769,0.000244798041615667,0.000508130081300813,0.000603500301750151,0.000114863312657937,0.00275482093663912,0.000520020800832033,0.000274574409665019,0.000449236298292902,0.000214592274678112,0.000492368291482029,0.000252016129032258,0.000146391450739277,0.000130992926381975,0.00304878048780488,0.00021128248468202,0.000385653682992673,0.000105042016806723,0.00289017341040462,0.000114220445459737,0.000121862052156958,0.000374251497005988,0.00126742712294043,0.000992063492063492,0.000744047619047619,0.000596658711217184,0.00117233294255569,0.000490677134445535,0.000934579439252336,0.000549450549450549,0.000171791788352517,0.000445037828215398,0.000668896321070234,0.000234082397003745,0.000419815281276238,0.000523834468308015,0.000356633380884451,0.000945179584120983,0.000451263537906137,0.000854700854700855,9.51746454744456e-05,0.000607164541590771,0.000283768444948922,0.000519210799584631,0.000458505272810637,0.00025182573659028,0.000299043062200957,0.00051150895140665,0.000825082508250825,0.000670241286863271,0.000462748727441,0.0023094688221709,0.000692520775623269,0.000619578686493185,0.000834724540901503,9.97605746209098e-05,0.000369276218611521,0.000624609618988132,0.000765110941086458,0.000574052812858783,0.000233699462491236,0.000726744186046512,0.000336021505376344,0.00060459492140266,0.000392772977219167,0.000547945205479452,0.000607164541590771,0.000451263537906137,0.00013700506918756,0.000116522955022139,0.000274122807017544,0.000291885580852306
0.000399520575309628,0.000310462589257994,0.000416666666666667,0.000164717509471257,0.000338868180277872,0.000358937544867193,0.000368731563421829,0.000368731563421829,0.00040048057669203,0,0.000604229607250755,0.000333222259246918,0.000567536889897843,0.000656598818122127,0.000122835032551284,0.000362056480811006,0.0005824111822947,0.000217108119843682,0.000560538116591928,0.000218150087260035,0.000599161174355902,0.000253228665484933,0.000150943396226415,0.000157604412923562,0.000425531914893617,0.000220896841175171,0.000536480686695279,0.000107365256602963,0.000406669377795852,0.000116972745350333,0.000125,0.00117096018735363,0.000406008932196508,0.000617665225447807,0.000822368421052632,0.0009000900090009,0.000493339911198816,0.00132802124833997,0.000649772579597141,0.00102774922918808,0.000178094390026714,0.000730994152046784,0.000915750915750916,0.000245941957697983,0.000719424460431655,0.00117096018735363,0.000384467512495194,0.000670690811535882,0.00254452926208651,0.000684931506849315,9.51112801978315e-05,0.00108695652173913,0.000973709834469328,0.000791765637371338,0.0021551724137931,0.000265604249667995,0.000318674314850223,0.000425894378194208,0.00074794315632012,0.000600240096038415,0.0015527950310559,0.000484496124031008,0.000867302688638335,0.000508646998982706,0.000552486187845304,0.000101853738032186,0.000446428571428571,0.000931966449207828,0.000699300699300699,0.00132450331125828,0.000245519273262951,0.000869565217391304,0.00038971161340608,0.000549148819330038,0.000401284109149278,0.00107181136120043,0.00108695652173913,0.00254452926208651,0.000177872643187478,0.000119388729703916,0.000390015600624025,0.000330469266358229
0.000339443312966735,0.000320821302534488,0.000577700751010976,0.000185116623472788,0.000317762948840165,0.000382116927779901,0.000316957210776545,0.000316957210776545,0.000340136054421769,0.000604229607250755,0,0.000628930817610063,0.000631711939355654,0.000678886625933469,0.000133832976445396,0.00031201248049922,0.00068870523415978,0.000228414801279123,0.000896860986547085,0.000255427841634738,0.000614628149969269,0.000304878048780488,0.000167897918065816,0.000172980453208787,0.000358037952022914,0.000259201658890617,0.000836820083682008,0.000115673799884326,0.000344589937973811,0.000126903553299492,0.000136407038603192,0.000897666068222621,0.000376081233546446,0.000464684014869888,0.000544069640914037,0.000714796283059328,0.000423728813559322,0.00110864745011086,0.000519480519480519,0.000791765637371338,0.000202183582693085,0.000405350628293474,0.000607164541590771,0.000294377391816309,0.0013869625520111,0.000832639467110741,0.0005175983436853,0.000502008032128514,0.000670241286863271,0.000541711809317443,0.00010527423939362,0.000677966101694915,0.000501756146512795,0.000870322019147084,0.000649772579597141,0.000322997416020672,0.000405022276225192,0.000471698113207547,0.000544069640914037,0.000609384521633151,0.00057372346528973,0.000398883127243718,0.000650618087182824,0.000521920668058455,0.000504286434694907,0.000109301563012351,0.00063653723742839,0.000540248514316586,0.000550660792951542,0.000649350649350649,0.000293772032902468,0.000605693519079346,0.000527148128624143,0.000592768227622999,0.000548546352166758,0.000890471950133571,0.000677966101694915,0.000670241286863271,0.00018910741301059,0.000129752173348904,0.000867302688638335,0.00048661800486618
0.000240615976900866,0.000243072435585805,0.000364830353885443,0.000168293503870751,0.000235737859500236,0.000238151940938319,0.000243131534159981,0.000269978401727862,0.000244798041615667,0.000333222259246918,0.000628930817610063,0,0.000437828371278459,0.000367782272894446,0.000115154306771073,0.000238208670795617,0.000410846343467543,0.000194779898714453,0.00041649312786339,0.000210748155953635,0.000420875420875421,0.000256607646907878,0.000151791135397693,0.000110963160230803,0.000240847784200385,0.000224466891133558,0.000402252614641995,0.000105764145954521,0.000251635631605435,0.000114955742039315,0.000122339124051872,0.000412711514651259,0.000260756192959583,0.00028735632183908,0.000312304809494066,0.000366032210834553,0.000293255131964809,0.000428265524625268,0.000300932891965092,0.000380952380952381,0.000181488203266788,0.000261437908496732,0.000333222259246918,0.000254777070063694,0.000499750124937531,0.000390472471690746,0.000312402374258044,0.000299580587177951,0.000334672021419009,0.000317057704502219,9.41619585687382e-05,0.000356379187455453,0.000276395798783858,0.000391542678151919,0.000341997264021888,0.000272479564032698,0.000331455087835598,0.000328515111695138,0.000314762354422411,0.000348918353105373,0.000316455696202532,0.000257599175682638,0.000335683115139308,0.000351000351000351,0.00032916392363397,9.76276481499561e-05,0.000352485019386676,0.00031201248049922,0.000319081046585833,0.000351000351000351,0.000254841997961264,0.000333555703802535,0.000418235048097031,0.000384024577572965,0.000329055610398157,0.000394788787998421,0.000356379187455453,0.000334672021419009,0.000505816894284269,0.00011741223435482,0.000644745325596389,0.000479616306954436
0.000506585612968592,0.000332446808510638,0.00105932203389831,0.000206739714699194,0.000517063081695967,0.000520562207183758,0.000476644423260248,0.000488519785051295,0.000508130081300813,0.000567536889897843,0.000631711939355654,0.000437828371278459,0,0.00214132762312634,0.000131804402267036,0.000486381322957198,0.00606060606060606,0.000311138767890479,0.00213675213675214,0.000298507462686567,0.00334448160535117,0.000368324125230203,0.000185494342422556,0.000158780565258812,0.000540540540540541,0.000303674460977832,0.00119760479041916,0.000123762376237624,0.000557413600891862,0.000136705399863295,0.000147797812592374,0.000560538116591928,0.000691562932226833,0.000646412411118293,0.00078125,0.00134408602150538,0.000834724540901503,0.000869565217391304,0.000811688311688312,0.00125786163522013,0.000228258388495777,0.000479156684235745,0.000918273645546373,0.000353107344632768,0.0011454753722795,0.00108695652173913,0.000731528895391368,0.000720980533525595,0.000657030223390276,0.000867302688638335,0.000106382978723404,0.00103092783505155,0.000375516334960571,0.00175131348511384,0.000672494956287828,0.000395100750691426,0.000525210084033613,0.00104602510460251,0.0008110300081103,0.0015748031496063,0.000637755102040816,0.000580046403712297,0.00111482720178372,0.00174216027874564,0.0012987012987013,0.000116495806150979,0.00099403578528827,0.000773395204949729,0.00102145045965271,0.000941619585687382,0.000352236703064459,0.000956022944550669,0.000750750750750751,0.00318471337579618,0.000794912559618442,0.00107642626480086,0.00103092783505155,0.000657030223390276,0.000170502983802217,0.000140016802016242,0.000541418516513265,0.000550660792951542
0.000601322910402886,0.000315159155373464,0.00107758620689655,0.000196309383588536,0.000597371565113501,0.0006635700066357,0.000544069640914037,0.000576036866359447,0.000603500301750151,0.000656598818122127,0.000678886625933469,0.000367782272894446,0.00214132762312634,0,0.000128998968008256,0.000556792873051225,0.0023696682464455,0.000324359390204346,0.00137931034482759,0.000277238702522872,0.00267379679144385,0.000336473755047106,0.000177053824362606,0.000151148730350665,0.000649772579597141,0.00028169014084507,0.000915750915750916,0.000119947223221782,0.000674308833445718,0.000132065504490227,0.000142389292325217,0.000647249190938511,0.000843170320404722,0.000916590284142988,0.000999000999000999,0.00198019801980198,0.00112739571589628,0.00109769484083425,0.00130718954248366,0.00179856115107914,0.000215610176800345,0.000541125541125541,0.00122100122100122,0.000323729362253156,0.00128205128205128,0.00146842878120411,0.00061576354679803,0.000989119683481701,0.000779423226812159,0.00145772594752187,0.000103799045048786,0.00136798905608755,0.000412541254125413,0.00308641975308642,0.000801282051282051,0.000358680057388809,0.000462748727441,0.00121212121212121,0.00112107623318386,0.00595238095238095,0.000752445447705041,0.000768639508070715,0.00232558139534884,0.00225733634311512,0.00196078431372549,0.000113109376767334,0.000791765637371338,0.00094876660341556,0.001953125,0.00121506682867558,0.000322997416020672,0.00140449438202247,0.000629326620516048,0.00335570469798658,0.0007097232079489,0.00144927536231884,0.00136798905608755,0.000779423226812159,0.000161733786187935,0.000135153399107988,0.000438212094653812,0.000457247370827618
0.000113623451880468,0.000185666542888971,0.000144780657304184,0.000363108206245461,0.00011650937900501,0.000110485029278533,0.000115915150110119,0.000120264582080577,0.000114863312657937,0.000157803376992268,0.000176429075511644,0.000115154306771073,0.000131804402267036,0.000128998968008256,0,0.000116373792621902,0.000134498991257566,0.000253228665484933,0.000137969094922737,0.000218531468531469,0.000131527028804419,0.000193836014731537,0.000478468899521531,0.000507356671740233,0.000113340133741358,0.000235793444942231,0.000143947027493882,0.00032133676092545,0.000116495806150979,0.000424448217317487,0.000559910414333707,0.000115713955102985,0.000124968757810547,0.000159974404095345,0.000161995788109509,0.000177399325882562,0.000122115032360484,0.000122503981379395,0.000168776371308017,0.000176522506619594,0.000312695434646654,0.000105440742302826,0.000167168171180207,0.000209467951403435,0.000116441546343735,0.000155086848635236,0.000160694198939418,0.000141382723031246,0.000111594688092847,0.00017105713308245,0.000535618639528656,0.000170561146170902,0.000104547830632514,0.000127697612054655,0.00011384335154827,0.000198728139904611,0.000176304654442877,0.000139567341242149,0.000163880694854146,0.000129466597617815,0.000161420500403551,0.000121124031007752,0.000172890733056708,0.000135906496330525,0.00012708095056551,0.000535618639528656,0.000151929504709815,0.000161655350792111,0.000152114390021296,0.000167926112510495,0.000207511931936086,0.000168435236651508,0.000158428390367554,0.00013294336612603,0.000154130702836005,0.000177777777777778,0.000170561146170902,0.000111594688092847,0.000426985482493595,0.000460829493087558,0.000121256214380987,0.000147514382652309
0.00191204588910134,0.000249128051818635,0.000478697941598851,0.000165727543917799,0.00347222222222222,0.0357142857142857,0.00757575757575758,0.00168350168350168,0.00275482093663912,0.000362056480811006,0.00031201248049922,0.000238208670795617,0.000486381322957198,0.000556792873051225,0.000116373792621902,0,0.000497265042267529,0.000294204177699323,0.000432152117545376,0.000226398007697532,0.000469263256687001,0.000268456375838926,0.000151791135397693,0.000131268049356787,0.00168634064080944,0.00022271714922049,0.000372995151063036,0.000107793467715856,0.00196463654223969,0.000117481203007519,0.000125580811252041,0.000340483486550902,0.00163934426229508,0.000785545954438335,0.000621504039776259,0.000515198351365276,0.00094876660341556,0.000434216239687364,0.000749063670411985,0.000479616306954436,0.000179275726066691,0.000398089171974522,0.000568181818181818,0.000248200546041201,0.000388198757763975,0.000459981600735971,0.000390472471690746,0.000755857898715042,0.000403063280935107,0.000696864111498258,9.60984047664809e-05,0.000523012552301255,0.000263921879123779,0.000471698113207547,0.000408830744071954,0.000268240343347639,0.000322476620445018,0.000531914893617021,0.000677048070412999,0.000613120784794605,0.000412201154163232,0.00143266475644699,0.000585137507314219,0.000638569604086846,0.000777604976671851,0.000102239034863511,0.000391389432485323,0.000535905680600214,0.000636132315521629,0.00049825610363727,0.000247770069375619,0.000609384521633151,0.000365898280278083,0.000574052812858783,0.000434216239687364,0.000478468899521531,0.000523012552301255,0.000403063280935107,0.000135998912008704,0.000119918455450294,0.000265886732252061,0.000282565696524442
0.000518403317781234,0.000350140056022409,0.00112739571589628,0.000212494687632809,0.000529380624669137,0.000545553737043099,0.000487092060399416,0.0004995004995005,0.000520020800832033,0.0005824111822947,0.00068870523415978,0.000410846343467543,0.00606060606060606,0.0023696682464455,0.000134498991257566,0.000497265042267529,0,0.000315556958030925,0.0029673590504451,0.000310655483069276,0.00393700787401575,0.000386996904024768,0.000190114068441065,0.000158328055731476,0.000554016620498615,0.000316255534471853,0.00142045454545455,0.000125801987671405,0.000571755288736421,0.000139198218262806,0.000150715900527506,0.000575043128234618,0.000713775874375446,0.00066577896138482,0.000809716599190283,0.00143061516452074,0.000867302688638335,0.000904977375565611,0.0008424599831508,0.00133333333333333,0.000235294117647059,0.000489715964740451,0.000957854406130268,0.000370233246945576,0.00134770889487871,0.00114285714285714,0.000809061488673139,0.000745156482861401,0.000677048070412999,0.000902527075812274,0.000108131487889273,0.00108108108108108,0.000381970970206264,0.00190114068441065,0.000693481276005548,0.000416666666666667,0.000564015792442188,0.00109769484083425,0.000841750841750842,0.00169491525423729,0.000656598818122127,0.000595592614651578,0.00117370892018779,0.00189035916824197,0.00137931034482759,0.000118301194842068,0.00114285714285714,0.000801282051282051,0.00107066381156317,0.000983284169124877,0.000369276218611521,0.000999000999000999,0.000832639467110741,0.00371747211895911,0.000887311446317658,0.00113122171945701,0.00108108108108108,0.000677048070412999,0.000168976005407232,0.000142633005277421,0.000500751126690035,0.000534473543559594
0.000263019463440295,0.000607164541590771,0.000374953130858643,0.000190041809198024,0.000305157155935307,0.000181785129976368,0.000290613193839,0.000258197779499096,0.000274574409665019,0.000217108119843682,0.000228414801279123,0.000194779898714453,0.000311138767890479,0.000324359390204346,0.000253228665484933,0.000294204177699323,0.000315556958030925,0,0.000306466441924609,0.000286615075952995,0.000304043782304652,0.000357525920629246,0.000171939477303989,0.000237304224015187,0.000262329485834208,0.000264410364886304,0.000304136253041363,0.000117577895355673,0.000266240681576145,0.000129198966408269,0.000139062717285496,0.000216076058772688,0.000358551452133381,0.00026048450117218,0.000260824204486176,0.000278706800445931,0.000318369945877109,0.000250375563345017,0.000284656988329063,0.000274800769442154,0.000208073241781107,0.000208724692131079,0.000268024658268561,0.000309214594928881,0.000272628135223555,0.00026567481402763,0.000355745286374956,0.000266028198989093,0.000230786983614124,0.00029120559114735,0.000148632580261593,0.000265463233342182,0.000181587071000545,0.000293513354857646,0.000232666356444858,0.000330578512396694,0.00035498757543486,0.000442869796279894,0.000269759913676828,0.000333000333000333,0.000228310502283105,0.000271296798697775,0.000288933834151979,0.000373692077727952,0.000347222222222222,0.000111000111000111,0.000344589937973811,0.00025062656641604,0.000306748466257669,0.000259134490800726,0.000300480769230769,0.000276854928017719,0.000324675324675325,0.000344827586206897,0.000377358490566038,0.000265041081367612,0.000265463233342182,0.000230786983614124,0.000213492741246798,0.000132152768600502,0.000212901852246115,0.000309693403530505
0.000448028673835125,0.000374672161858374,0.00162337662337662,0.000225479143179256,0.000456204379562044,0.000462107208872458,0.000424448217317487,0.000433839479392625,0.000449236298292902,0.000560538116591928,0.000896860986547085,0.00041649312786339,0.00213675213675214,0.00137931034482759,0.000137969094922737,0.000432152117545376,0.0029673590504451,0.000306466441924609,0,0.00033921302578019,0.00179533213644524,0.000432338953739732,0.000200440970134295,0.000165125495376486,0.00047438330170778,0.000345901072293324,0.00272479564032698,0.00013024225058609,0.000487329434697856,0.000144654997830175,0.000157133878064111,0.000635727908455181,0.000586854460093897,0.000554016620498615,0.000650195058517555,0.000998003992015968,0.000686813186813187,0.000969932104752667,0.000671140939597315,0.000949667616334283,0.000251319426991706,0.000427715996578272,0.000742390497401633,0.000411522633744856,0.00246913580246914,0.00100704934541793,0.00103626943005181,0.00060790273556231,0.000626959247648903,0.00070871722182849,0.000110253583241455,0.000814332247557003,0.000407830342577488,0.00120627261761158,0.000641025641025641,0.000469704086425552,0.00066577896138482,0.00099502487562189,0.000670690811535882,0.00111982082866741,0.000609384521633151,0.000504540867810293,0.000865800865800866,0.00120192307692308,0.000972762645914397,0.000122219506233195,0.00165562913907285,0.000644745325596389,0.000808407437348424,0.000757575757575758,0.000410340582683627,0.000766871165644172,0.0010752688172043,0.00174825174825175,0.00116822429906542,0.000932835820895522,0.000814332247557003,0.000626959247648903,0.000175346308960196,0.000148367952522255,0.000509164969450102,0.000694927032661571
0.00020746887966805,0.000801282051282051,0.00036697247706422,0.000564015792442188,0.000232828870779977,0.000195618153364632,0.000224265530387979,0.000204457166223676,0.000214592274678112,0.000218150087260035,0.000255427841634738,0.000210748155953635,0.000298507462686567,0.000277238702522872,0.000218531468531469,0.000226398007697532,0.000310655483069276,0.000286615075952995,0.00033921302578019,0,0.000290782204129107,0.00144508670520231,0.000429737859905458,0.000233154581487526,0.000212404418011895,0.00170940170940171,0.000366300366300366,0.000199362041467305,0.000214961306964746,0.000235238767348859,0.000270124257158293,0.000228675966155957,0.00026267402153927,0.000222321031569586,0.000226244343891403,0.000257466529351184,0.0002465483234714,0.000261028452101279,0.000239693192713327,0.000255623721881391,0.000759301442672741,0.000194628260023355,0.000236462520690471,0.00144092219020173,0.00031201248049922,0.000263643553915107,0.000503524672708963,0.000226346763241286,0.000227531285551763,0.000244319569997557,0.000154966682163335,0.00024330900243309,0.00019040365575019,0.000273972602739726,0.000229357798165138,0.00120918984280532,0.000691562932226833,0.000336134453781513,0.000229937916762474,0.00027972027972028,0.000225123818099955,0.000218245307725884,0.000248077400148846,0.000307881773399015,0.000275633958103638,0.000181159420289855,0.000426621160409556,0.000225580870742161,0.00025516713447308,0.000237981913374584,0.00112739571589628,0.000239005736137667,0.000495540138751239,0.00029806259314456,0.000445632798573975,0.000258264462809917,0.00024330900243309,0.000227531285551763,0.000215470803706098,0.000245218244237371,0.000232126276694522,0.000352112676056338
0.000490918016691213,0.000330687830687831,0.00098135426889107,0.000203004466098254,0.000497760079641613,0.000543478260869565,0.000460193281178095,0.0004739336492891,0.000492368291482029,0.000599161174355902,0.000614628149969269,0.000420875420875421,0.00334448160535117,0.00267379679144385,0.000131527028804419,0.000469263256687001,0.00393700787401575,0.000304043782304652,0.00179533213644524,0.000290782204129107,0,0.000356633380884451,0.000182481751824818,0.000157109190887667,0.000522739153162572,0.000295683027794205,0.00108225108225108,0.000122414004162076,0.00053850296176629,0.000135062128579146,0.000145878920495988,0.000591366055588409,0.000657462195923734,0.000687757909215956,0.0008424599831508,0.00153609831029186,0.000793021411578113,0.000946073793755913,0.000877963125548727,0.00142450142450142,0.000223713646532438,0.000501504513540622,0.00100401606425703,0.000342348510783978,0.00107066381156317,0.00120918984280532,0.000686813186813187,0.000772797527047913,0.000699790062981106,0.000943396226415094,0.000106269925611052,0.00114025085518814,0.000389105058365759,0.00209205020920502,0.000717360114777618,0.000381679389312977,0.000501756146512795,0.000969932104752667,0.00087719298245614,0.0018450184501845,0.000677966101694915,0.000597014925373134,0.00124378109452736,0.00154083204930663,0.00118343195266272,0.000115300357431108,0.00091324200913242,0.000833333333333333,0.00112866817155756,0.00103199174406605,0.000341530054644809,0.00104931794333683,0.000703729767769177,0.0025706940874036,0.000742390497401633,0.00119617224880383,0.00114025085518814,0.000699790062981106,0.00016860563142809,0.000138293458719403,0.000515729757607014,0.000526315789473684
0.000242248062015504,0.00389105058365759,0.000478468899521531,0.000405679513184584,0.000277546489036914,0.000234521575984991,0.000265463233342182,0.000238151940938319,0.000252016129032258,0.000253228665484933,0.000304878048780488,0.000256607646907878,0.000368324125230203,0.000336473755047106,0.000193836014731537,0.000268456375838926,0.000386996904024768,0.000357525920629246,0.000432338953739732,0.00144508670520231,0.000356633380884451,0,0.000331235508446505,0.00021043771043771,0.000245519273262951,0.00101522842639594,0.000477326968973747,0.000175192711983181,0.000248941996514812,0.000202306291725673,0.000227583067819754,0.000267522739432852,0.000321027287319422,0.000258866166192079,0.000264200792602378,0.000307787011388119,0.000292312189418299,0.000312891113892365,0.000282725473565168,0.000305157155935307,0.000497760079641613,0.000222074172773706,0.000278241513633834,0.0022883295194508,0.000389105058365759,0.000316656111462951,0.00074019245003701,0.000264340470526038,0.000265957446808511,0.000289184499710815,0.000143225436837582,0.000287769784172662,0.000216590859865714,0.00033167495854063,0.000268456375838926,0.0043859649122807,0.00121802679658952,0.000438020148926851,0.000269251480883145,0.000340136054421769,0.00026267402153927,0.000253356979984799,0.000294464075382803,0.000382701875239189,0.000334112930170398,0.000160978750804894,0.000585137507314219,0.000263296471827277,0.000304506699147381,0.000280347631062518,0.00188323917137476,0.000281769512538743,0.000723065798987708,0.000367647058823529,0.000621504039776259,0.000308928019771393,0.000287769784172662,0.000265957446808511,0.000200481154771451,0.000209643605870021,0.000289017341040462,0.000501756146512795
0.000145496871817256,0.000308071472581639,0.000209819555182543,0.00180505415162455,0.000154655119084442,0.000143760782058654,0.000150829562594268,0.000143967751223726,0.000146391450739277,0.000150943396226415,0.000167897918065816,0.000151791135397693,0.000185494342422556,0.000177053824362606,0.000478468899521531,0.000151791135397693,0.000190114068441065,0.000171939477303989,0.000200440970134295,0.000429737859905458,0.000182481751824818,0.000331235508446505,0,0.000332667997338656,0.000148170099273967,0.000476644423260248,0.000209599664640537,0.000323101777059774,0.000149409831166891,0.000429184549356223,0.000561482313307131,0.000155908949173683,0.000167280026764804,0.000152928582352042,0.000154774802662127,0.000168776371308017,0.000164015089388224,0.000170299727520436,0.00016095284081764,0.000167982529816899,0.00099009900990099,0.000139295166457724,0.000159489633173844,0.000351000351000351,0.000190621425848265,0.000171408981830648,0.000248323814253787,0.000154822727976467,0.000155376009944065,0.000163025758069775,0.000256213169356905,0.000162575191025849,0.000137117784176608,0.000175716042874714,0.000156225589751601,0.00034965034965035,0.000286779466590192,0.000194325689856199,0.000156494522691706,0.000178062678062678,0.000154249575813667,0.00015098897780462,0.000164690382081686,0.000189071658158442,0.000176397953783736,0.000277854959711031,0.000228050171037628,0.000154464009885697,0.000167785234899329,0.000160179400929041,0.0003690036900369,0.000160642570281124,0.000246366100024637,0.000185322461082283,0.000233372228704784,0.000169118890580078,0.000162575191025849,0.000155376009944065,0.000263643553915107,0.000463606861381548,0.000162575191025849,0.000213492741246798
