X1,X2,X3,X4,X5,X6,X7,X8,X9,X10,X11,X12,X13,X14,X15,X16,X17,X18,X19,X20,X22,X23,X24,X25,X26,X27,X28,X29,X30,X31,X32,X33,X34,X35,X36,X37,X38,X39,X40,X41,X42,X43,X44,X45,X46,X47,X48,X49,X50,X51,X52,X53,X54,X55,X56,X57,X58,X59,X60,X61,X62,X63,X64,X65,X66,X67,X68,X69,X70,X71,X72,X73,X74,X75,X76,X77,X80,X81,X82,X83
0,0.0002367985,0.0004746084,0.0001582529,0.0013869626,0.0019646365,0.0021141649,0.0016528926,0.003875969,0.0003995206,0.0003394433,0.000240616,0.0005065856,0.0006013229,0.0001136235,0.0019120459,0.0005184033,0.0002630195,0.0004480287,0.0002074689,0.000490918,0.0002422481,0.0001454969,0.0001300898,0.003875969,0.0002094241,0.0003847634,0.0001045806,0.0028409091,0.0001136751,0.0001212415,0.000373413,0.0009871668,0.0009861933,0.0007407407,0.0005945303,0.0012578616,0.0004892368,0.000929368,0.0005476451,0.0001705611,0.0004438526,0.0006662225,0.0002318034,0.0004187605,0.0005221932,0.0003513703,0.0009398496,0.000450045,0.0008503401,9.42063118228921E-05,0.0006049607,0.0002832861,0.0004572474,0.0004572474,0.0002491901,0.0002953337,0.0005099439,0.0008210181,0.0006675567,0.0004614675,0.0022779043,0.0006896552,0.000617284,0.0008305648,9.93443274389032E-05,0.0003684598,0.0006222775,0.0007616146,0.0005720824,0.0002314279,0.000723589,0.0003313453,0.0006024096,0.0003863988,0.0005461496,0.0001368363,0.0001159555,0.0002688895,0.0002859594
0.0002367985,0,0.0004295533,0.0003844675,0.0002497502,0.0002231147,0.0002470356,0.000267666,0.0002430134,0.0003104626,0.0003208213,0.0002430724,0.0003324468,0.0003151592,0.0001856665,0.0002491281,0.0003501401,0.0006071645,0.0003746722,0.0008012821,0.0003306878,0.0038910506,0.0003080715,0.0002124947,0.0002276867,0.0009009009,0.0004222973,0.0001623377,0.0002498126,0.0001849454,0.000206868,0.0002461236,0.0002922268,0.0002557545,0.0002930832,0.0003384095,0.0002742732,0.0002790179,0.000273523,0.0002860412,0.000445236,0.0002038736,0.0002589332,0.0017452007,0.0002494388,0.0002886836,0.0006082725,0.000257732,0.0002282063,0.0002797985,0.0001478197,0.0002725538,0.0002006421,0.0003072197,0.0002378121,0.0022271715,0.0009165903,0.0003866976,0.0002587322,0.0003174603,0.0002264493,0.0002786291,0.0002787845,0.0003591954,0.000308642,0.0002477701,0.0004992511,0.000245942,0.0002911208,0.0002603489,0.0014124294,0.0002649007,0.0005773672,0.0003397893,0.000522466,0.0002822467,0.0001990842,0.0001915342,0.0002718869,0.0004524887
0.0004746084,0.0004295533,0,0.0002374169,0.0005083884,0.0004878049,0.0004692633,0.0004587156,0.0004759638,0.0004166667,0.0005777008,0.0003648304,0.001059322,0.0010775862,0.0001447807,0.0004786979,0.0011273957,0.0003749531,0.0016233766,0.0003669725,0.0009813543,0.0004784689,0.0002098196,0.0001639882,0.0005042864,0.0003748126,0.0011750881,0.0001341382,0.0005189414,0.0001494768,0.0001628399,0.0004568296,0.0006761325,0.0005640158,0.0005720824,0.0006978367,0.0007513148,0.0006071645,0.000691085,0.0006738544,0.0002662407,0.0003749531,0.0006337136,0.0004531038,0.0009794319,0.000621504,0.00135318,0.0005906675,0.0004591368,0.0007309942,0.0001146789,0.0006203474,0.0003259452,0.000798722,0.0004666356,0.000524659,0.0007818608,0.0024449878,0.0006157635,0.0011764706,0.0044642857,0.000538503,0.0007656968,0.0019120459,0.0011074197,0.0001256439,0.0016474465,0.0005359057,0.0008375209,0.0005868545,0.0004516712,0.000685401,0.0010976948,0.0015873016,0.0020790021,0.000618047,0.000171409,0.0001534448,0.0004340278,0.00066357
0.0001582529,0.0003844675,0.0002374169,0,0.0001691475,0.0001585037,0.000164582,0.0001564456,0.0001593118,0.0001647175,0.0001851166,0.0001682935,0.0002067397,0.0001963094,0.0003631082,0.0001657275,0.0002124947,0.0001900418,0.0002254791,0.0005640158,0.0002030045,0.0004056795,0.0018050542,0.0002948113,0.0001614205,0.0006476684,0.0002371354,0.0002740477,0.000162893,0.0003467406,0.0004282655,0.0001706485,0.0001843658,0.0001670844,0.0001692907,0.0001861851,0.0001804077,0.0001880406,0.0001767097,0.0001852195,0.0021929825,0.0001509434,0.0001749475,0.0004357298,0.0002131287,0.0001893939,0.0002879355,0.000169348,0.0001700102,0.0001792115,0.0002189142,0.0001786671,0.00014839,0.0001946661,0.0001710279,0.0004336513,0.0003409478,0.00021777,0.0001713502,0.0001975504,0.0001686625,0.0001647718,0.0001812251,0.0002111932,0.0001955034,0.0002407898,0.0002610285,0.0001689189,0.0001849797,0.0001757778,0.0004638219,0.0001763357,0.0002853067,0.0002065262,0.0002680247,0.000186602,0.000244858,0.0003688676,0.000181653,0.0002477087
0.0013869626,0.0002497502,0.0005083884,0.0001691475,0,0.003875969,0.0027777778,0.0012626263,0.0017825312,0.0003388682,0.0003177629,0.0002357379,0.0005170631,0.0005973716,0.0001165094,0.0034722222,0.0005293806,0.0003051572,0.0004562044,0.0002328289,0.0004977601,0.0002775465,0.0001546551,0.0001336184,0.0012642225,0.0002289377,0.0003907776,0.0001092299,0.0014144272,0.0001191895,0.0001275348,0.000325839,0.0020491803,0.0006798097,0.0005534034,0.0004823927,0.0010660981,0.0004106776,0.0006523157,0.00045106,0.0001832845,0.0003690037,0.0005107252,0.0002559509,0.000407498,0.0004336513,0.0004100041,0.0006574622,0.0003745318,0.0006397953,9.61908426317815E-05,0.0004759638,0.0002532928,0.0005005005,0.0003795066,0.0002773156,0.0003356831,0.0005688282,0.0005970149,0.0006626905,0.0003810976,0.0011160714,0.000554939,0.0006925208,0.0008591065,0.0001035304,0.0004110152,0.0004844961,0.0006476684,0.0004553734,0.0002554931,0.0005437738,0.000382995,0.000617284,0.0004585053,0.000450045,0.0001374193,0.0001216989,0.0002628121,0.0002790957
0.0019646365,0.0002231147,0.0004878049,0.0001585037,0.003875969,0,0.0084745763,0.0020080321,0.0033444816,0.0003589375,0.0003821169,0.0002381519,0.0005205622,0.00066357,0.000110485,0.0357142857,0.0005455537,0.0001817851,0.0004621072,0.0001956182,0.0005434783,0.0002345216,0.0001437608,0.0001066098,0.001618123,0.0002073828,0.0004014452,0.0001018019,0.0026246719,0.0001102901,0.0001186099,0.0003335557,0.0017421603,0.0007230658,0.0005807201,0.0005254861,0.0012594458,0.000447828,0.0007974482,0.0004965243,0.0001701259,0.0003663004,0.0005892752,0.0002329916,0.0004424779,0.0004746084,0.0003656307,0.0006752194,0.0004040404,0.000729927,9.10166560480568E-05,0.0005675369,0.000275558,0.0005611672,0.000435161,0.0002477087,0.0002955083,0.0004859086,0.0004572474,0.0007251632,0.0004020909,0.0014347202,0.0006079027,0.0006086427,0.000856898,9.42507068803016E-05,0.0003869969,0.0005063291,0.0006915629,0.0005165289,0.0002330459,0.0006285355,0.0003465003,0.0006199628,0.0004070004,0.0004911591,0.000090212,0.0001125492,0.0002378121,0.0002824859
0.0021141649,0.0002470356,0.0004692633,0.000164582,0.0027777778,0.0084745763,0,0.0018382353,0.0031948882,0.0003687316,0.0003169572,0.0002431315,0.0004766444,0.0005440696,0.0001159152,0.0075757576,0.0004870921,0.0002906132,0.0004244482,0.0002242655,0.0004601933,0.0002654632,0.0001508296,0.000131096,0.0018416206,0.0002206531,0.000367242,0.0001073077,0.0021786492,0.0001169044,0.0001249219,0.0003463803,0.0015337423,0.0008176615,0.0006414368,0.0005288207,0.0009960159,0.0004438526,0.0007782101,0.0004914005,0.0001779359,0.0004061738,0.0005847953,0.0002456399,0.0003850597,0.0004708098,0.0003841721,0.000785546,0.0004113534,0.0007220217,9.57854406130268E-05,0.0005370569,0.0002674512,0.0004670715,0.0004173623,0.000265252,0.0003181674,0.0005202914,0.0007007708,0.0005977286,0.0004208754,0.0015432099,0.0006027728,0.0006218905,0.000753012,0.0001018019,0.0003850597,0.0005506608,0.0006570302,0.0005109862,0.0002452182,0.0006285355,0.0003603604,0.0005605381,0.0004264392,0.0004901961,0.0001363327,0.0001193175,0.0002720348,0.0002895194
0.0016528926,0.000267666,0.0004587156,0.0001564456,0.0012626263,0.0020080321,0.0018382353,0,0.0016694491,0.0003687316,0.0003169572,0.0002699784,0.0004885198,0.0005760369,0.0001202646,0.0016835017,0.0004995005,0.0002581978,0.0004338395,0.0002044572,0.0004739336,0.0002381519,0.0001439678,0.0001361656,0.0018416206,0.0002062706,0.0003742515,0.0001037883,0.0035087719,0.0001127396,0.0001201779,0.0003463803,0.0009225092,0.0008176615,0.0006414368,0.0005288207,0.0011520737,0.0004438526,0.0007782101,0.0004914005,0.000168492,0.0004061738,0.0005847953,0.0002279462,0.0003974563,0.0004708098,0.0003425831,0.000785546,0.0004113534,0.0007220217,9.86971969996052E-05,0.0005370569,0.0002674512,0.0004854369,0.0004173623,0.0002447381,0.0002891009,0.0004916421,0.0007007708,0.0006365372,0.0004208754,0.0015432099,0.0006027728,0.0005906675,0.0007830854,9.86290561199329E-05,0.0003588088,0.0005506608,0.000665336,0.0005109862,0.0002275831,0.0006285355,0.0003235199,0.000577034,0.0003757986,0.0004901961,0.0001424096,0.0001149822,0.0003060912,0.0003284072
0.003875969,0.0002430134,0.0004759638,0.0001593118,0.0017825312,0.0033444816,0.0031948882,0.0016694491,0,0.0004004806,0.0003401361,0.000244798,0.0005081301,0.0006035003,0.0001148633,0.0027548209,0.0005200208,0.0002745744,0.0004492363,0.0002145923,0.0004923683,0.0002520161,0.0001463915,0.0001309929,0.0030487805,0.0002112825,0.0003856537,0.000105042,0.0028901734,0.0001142204,0.0001218621,0.0003742515,0.0012674271,0.0009920635,0.0007440476,0.0005966587,0.0011723329,0.0004906771,0.0009345794,0.0005494505,0.0001717918,0.0004450378,0.0006688963,0.0002340824,0.0004198153,0.0005238345,0.0003566334,0.0009451796,0.0004512635,0.0008547009,9.51746454744456E-05,0.0006071645,0.0002837684,0.0005192108,0.0004585053,0.0002518257,0.0002990431,0.000511509,0.0008250825,0.0006702413,0.0004627487,0.0023094688,0.0006925208,0.0006195787,0.0008347245,9.97605746209098E-05,0.0003692762,0.0006246096,0.0007651109,0.0005740528,0.0002336995,0.0007267442,0.0003360215,0.0006045949,0.000392773,0.0005479452,0.0001370051,0.000116523,0.0002741228,0.0002918856
0.0003995206,0.0003104626,0.0004166667,0.0001647175,0.0003388682,0.0003589375,0.0003687316,0.0003687316,0.0004004806,0,0.0006042296,0.0003332223,0.0005675369,0.0006565988,0.000122835,0.0003620565,0.0005824112,0.0002171081,0.0005605381,0.0002181501,0.0005991612,0.0002532287,0.0001509434,0.0001576044,0.0004255319,0.0002208968,0.0005364807,0.0001073653,0.0004066694,0.0001169727,0.000125,0.0011709602,0.0004060089,0.0006176652,0.0008223684,0.00090009,0.0004933399,0.0013280212,0.0006497726,0.0010277492,0.0001780944,0.0007309942,0.0009157509,0.000245942,0.0007194245,0.0011709602,0.0003844675,0.0006706908,0.0025445293,0.0006849315,9.51112801978315E-05,0.0010869565,0.0009737098,0.0007917656,0.0021551724,0.0002656042,0.0003186743,0.0004258944,0.0007479432,0.0006002401,0.001552795,0.0004844961,0.0008673027,0.000508647,0.0005524862,0.0001018537,0.0004464286,0.0009319664,0.0006993007,0.0013245033,0.0002455193,0.0008695652,0.0003897116,0.0005491488,0.0004012841,0.0010718114,0.0001778726,0.0001193887,0.0003900156,0.0003304693
0.0003394433,0.0003208213,0.0005777008,0.0001851166,0.0003177629,0.0003821169,0.0003169572,0.0003169572,0.0003401361,0.0006042296,0,0.0006289308,0.0006317119,0.0006788866,0.000133833,0.0003120125,0.0006887052,0.0002284148,0.000896861,0.0002554278,0.0006146281,0.000304878,0.0001678979,0.0001729805,0.000358038,0.0002592017,0.0008368201,0.0001156738,0.0003445899,0.0001269036,0.000136407,0.0008976661,0.0003760812,0.000464684,0.0005440696,0.0007147963,0.0004237288,0.0011086475,0.0005194805,0.0007917656,0.0002021836,0.0004053506,0.0006071645,0.0002943774,0.0013869626,0.0008326395,0.0005175983,0.000502008,0.0006702413,0.0005417118,0.0001052742,0.0006779661,0.0005017561,0.000870322,0.0006497726,0.0003229974,0.0004050223,0.0004716981,0.0005440696,0.0006093845,0.0005737235,0.0003988831,0.0006506181,0.0005219207,0.0005042864,0.0001093016,0.0006365372,0.0005402485,0.0005506608,0.0006493506,0.000293772,0.0006056935,0.0005271481,0.0005927682,0.0005485464,0.000890472,0.0001891074,0.0001297522,0.0008673027,0.000486618
0.000240616,0.0002430724,0.0003648304,0.0001682935,0.0002357379,0.0002381519,0.0002431315,0.0002699784,0.000244798,0.0003332223,0.0006289308,0,0.0004378284,0.0003677823,0.0001151543,0.0002382087,0.0004108463,0.0001947799,0.0004164931,0.0002107482,0.0004208754,0.0002566076,0.0001517911,0.0001109632,0.0002408478,0.0002244669,0.0004022526,0.0001057641,0.0002516356,0.0001149557,0.0001223391,0.0004127115,0.0002607562,0.0002873563,0.0003123048,0.0003660322,0.0002932551,0.0004282655,0.0003009329,0.0003809524,0.0001814882,0.0002614379,0.0003332223,0.0002547771,0.0004997501,0.0003904725,0.0003124024,0.0002995806,0.000334672,0.0003170577,0.000094162,0.0003563792,0.0002763958,0.0003915427,0.0003419973,0.0002724796,0.0003314551,0.0003285151,0.0003147624,0.0003489184,0.0003164557,0.0002575992,0.0003356831,0.0003510004,0.0003291639,9.76276481499561E-05,0.000352485,0.0003120125,0.000319081,0.0003510004,0.000254842,0.0003335557,0.000418235,0.0003840246,0.0003290556,0.0003947888,0.0005058169,0.0001174122,0.0006447453,0.0004796163
0.0005065856,0.0003324468,0.001059322,0.0002067397,0.0005170631,0.0005205622,0.0004766444,0.0004885198,0.0005081301,0.0005675369,0.0006317119,0.0004378284,0,0.0021413276,0.0001318044,0.0004863813,0.0060606061,0.0003111388,0.0021367521,0.0002985075,0.0033444816,0.0003683241,0.0001854943,0.0001587806,0.0005405405,0.0003036745,0.0011976048,0.0001237624,0.0005574136,0.0001367054,0.0001477978,0.0005605381,0.0006915629,0.0006464124,0.00078125,0.001344086,0.0008347245,0.0008695652,0.0008116883,0.0012578616,0.0002282584,0.0004791567,0.0009182736,0.0003531073,0.0011454754,0.0010869565,0.0007315289,0.0007209805,0.0006570302,0.0008673027,0.000106383,0.0010309278,0.0003755163,0.0017513135,0.000672495,0.0003951008,0.0005252101,0.0010460251,0.00081103,0.0015748031,0.0006377551,0.0005800464,0.0011148272,0.0017421603,0.0012987013,0.0001164958,0.0009940358,0.0007733952,0.0010214505,0.0009416196,0.0003522367,0.0009560229,0.0007507508,0.0031847134,0.0007949126,0.0010764263,0.000170503,0.0001400168,0.0005414185,0.0005506608
0.0006013229,0.0003151592,0.0010775862,0.0001963094,0.0005973716,0.00066357,0.0005440696,0.0005760369,0.0006035003,0.0006565988,0.0006788866,0.0003677823,0.0021413276,0,0.000128999,0.0005567929,0.0023696682,0.0003243594,0.0013793103,0.0002772387,0.0026737968,0.0003364738,0.0001770538,0.0001511487,0.0006497726,0.0002816901,0.0009157509,0.0001199472,0.0006743088,0.0001320655,0.0001423893,0.0006472492,0.0008431703,0.0009165903,0.000999001,0.001980198,0.0011273957,0.0010976948,0.0013071895,0.0017985612,0.0002156102,0.0005411255,0.0012210012,0.0003237294,0.0012820513,0.0014684288,0.0006157635,0.0009891197,0.0007794232,0.0014577259,0.000103799,0.0013679891,0.0004125413,0.0030864198,0.0008012821,0.0003586801,0.0004627487,0.0012121212,0.0011210762,0.005952381,0.0007524454,0.0007686395,0.0023255814,0.0022573363,0.0019607843,0.0001131094,0.0007917656,0.0009487666,0.001953125,0.0012150668,0.0003229974,0.0014044944,0.0006293266,0.0033557047,0.0007097232,0.0014492754,0.0001617338,0.0001351534,0.0004382121,0.0004572474
0.0001136235,0.0001856665,0.0001447807,0.0003631082,0.0001165094,0.000110485,0.0001159152,0.0001202646,0.0001148633,0.0001578034,0.0001764291,0.0001151543,0.0001318044,0.000128999,0,0.0001163738,0.000134499,0.0002532287,0.0001379691,0.0002185315,0.000131527,0.000193836,0.0004784689,0.0005073567,0.0001133401,0.0002357934,0.000143947,0.0003213368,0.0001164958,0.0004244482,0.0005599104,0.000115714,0.0001249688,0.0001599744,0.0001619958,0.0001773993,0.000122115,0.000122504,0.0001687764,0.0001765225,0.0003126954,0.0001054407,0.0001671682,0.000209468,0.0001164415,0.0001550868,0.0001606942,0.0001413827,0.0001115947,0.0001710571,0.0005356186,0.0001705611,0.0001045478,0.0001276976,0.0001138434,0.0001987281,0.0001763047,0.0001395673,0.0001638807,0.0001294666,0.0001614205,0.000121124,0.0001728907,0.0001359065,0.000127081,0.0005356186,0.0001519295,0.0001616554,0.0001521144,0.0001679261,0.0002075119,0.0001684352,0.0001584284,0.0001329434,0.0001541307,0.0001777778,0.0004269855,0.0004608295,0.0001212562,0.0001475144
0.0019120459,0.0002491281,0.0004786979,0.0001657275,0.0034722222,0.0357142857,0.0075757576,0.0016835017,0.0027548209,0.0003620565,0.0003120125,0.0002382087,0.0004863813,0.0005567929,0.0001163738,0,0.000497265,0.0002942042,0.0004321521,0.000226398,0.0004692633,0.0002684564,0.0001517911,0.000131268,0.0016863406,0.0002227171,0.0003729952,0.0001077935,0.0019646365,0.0001174812,0.0001255808,0.0003404835,0.0016393443,0.000785546,0.000621504,0.0005151984,0.0009487666,0.0004342162,0.0007490637,0.0004796163,0.0001792757,0.0003980892,0.0005681818,0.0002482005,0.0003881988,0.0004599816,0.0003904725,0.0007558579,0.0004030633,0.0006968641,9.60984047664809E-05,0.0005230126,0.0002639219,0.0004716981,0.0004088307,0.0002682403,0.0003224766,0.0005319149,0.0006770481,0.0006131208,0.0004122012,0.0014326648,0.0005851375,0.0006385696,0.000777605,0.000102239,0.0003913894,0.0005359057,0.0006361323,0.0004982561,0.0002477701,0.0006093845,0.0003658983,0.0005740528,0.0004342162,0.0004784689,0.0001359989,0.0001199185,0.0002658867,0.0002825657
0.0005184033,0.0003501401,0.0011273957,0.0002124947,0.0005293806,0.0005455537,0.0004870921,0.0004995005,0.0005200208,0.0005824112,0.0006887052,0.0004108463,0.0060606061,0.0023696682,0.000134499,0.000497265,0,0.000315557,0.0029673591,0.0003106555,0.0039370079,0.0003869969,0.0001901141,0.0001583281,0.0005540166,0.0003162555,0.0014204545,0.000125802,0.0005717553,0.0001391982,0.0001507159,0.0005750431,0.0007137759,0.000665779,0.0008097166,0.0014306152,0.0008673027,0.0009049774,0.00084246,0.0013333333,0.0002352941,0.000489716,0.0009578544,0.0003702332,0.0013477089,0.0011428571,0.0008090615,0.0007451565,0.0006770481,0.0009025271,0.0001081315,0.0010810811,0.000381971,0.0019011407,0.0006934813,0.0004166667,0.0005640158,0.0010976948,0.0008417508,0.0016949153,0.0006565988,0.0005955926,0.0011737089,0.0018903592,0.0013793103,0.0001183012,0.0011428571,0.0008012821,0.0010706638,0.0009832842,0.0003692762,0.000999001,0.0008326395,0.0037174721,0.0008873114,0.0011312217,0.000168976,0.000142633,0.0005007511,0.0005344735
0.0002630195,0.0006071645,0.0003749531,0.0001900418,0.0003051572,0.0001817851,0.0002906132,0.0002581978,0.0002745744,0.0002171081,0.0002284148,0.0001947799,0.0003111388,0.0003243594,0.0002532287,0.0002942042,0.000315557,0,0.0003064664,0.0002866151,0.0003040438,0.0003575259,0.0001719395,0.0002373042,0.0002623295,0.0002644104,0.0003041363,0.0001175779,0.0002662407,0.000129199,0.0001390627,0.0002160761,0.0003585515,0.0002604845,0.0002608242,0.0002787068,0.0003183699,0.0002503756,0.000284657,0.0002748008,0.0002080732,0.0002087247,0.0002680247,0.0003092146,0.0002726281,0.0002656748,0.0003557453,0.0002660282,0.000230787,0.0002912056,0.0001486326,0.0002654632,0.0001815871,0.0002935134,0.0002326664,0.0003305785,0.0003549876,0.0004428698,0.0002697599,0.0003330003,0.0002283105,0.0002712968,0.0002889338,0.0003736921,0.0003472222,0.0001110001,0.0003445899,0.0002506266,0.0003067485,0.0002591345,0.0003004808,0.0002768549,0.0003246753,0.0003448276,0.0003773585,0.0002650411,0.0002134927,0.0001321528,0.0002129019,0.0003096934
0.0004480287,0.0003746722,0.0016233766,0.0002254791,0.0004562044,0.0004621072,0.0004244482,0.0004338395,0.0004492363,0.0005605381,0.000896861,0.0004164931,0.0021367521,0.0013793103,0.0001379691,0.0004321521,0.0029673591,0.0003064664,0,0.000339213,0.0017953321,0.000432339,0.000200441,0.0001651255,0.0004743833,0.0003459011,0.0027247956,0.0001302423,0.0004873294,0.000144655,0.0001571339,0.0006357279,0.0005868545,0.0005540166,0.0006501951,0.000998004,0.0006868132,0.0009699321,0.0006711409,0.0009496676,0.0002513194,0.000427716,0.0007423905,0.0004115226,0.0024691358,0.0010070493,0.0010362694,0.0006079027,0.0006269592,0.0007087172,0.0001102536,0.0008143322,0.0004078303,0.0012062726,0.0006410256,0.0004697041,0.000665779,0.0009950249,0.0006706908,0.0011198208,0.0006093845,0.0005045409,0.0008658009,0.0012019231,0.0009727626,0.0001222195,0.0016556291,0.0006447453,0.0008084074,0.0007575758,0.0004103406,0.0007668712,0.0010752688,0.0017482517,0.0011682243,0.0009328358,0.0001753463,0.000148368,0.000509165,0.000694927
0.0002074689,0.0008012821,0.0003669725,0.0005640158,0.0002328289,0.0001956182,0.0002242655,0.0002044572,0.0002145923,0.0002181501,0.0002554278,0.0002107482,0.0002985075,0.0002772387,0.0002185315,0.000226398,0.0003106555,0.0002866151,0.000339213,0,0.0002907822,0.0014450867,0.0004297379,0.0002331546,0.0002124044,0.0017094017,0.0003663004,0.000199362,0.0002149613,0.0002352388,0.0002701243,0.000228676,0.000262674,0.000222321,0.0002262443,0.0002574665,0.0002465483,0.0002610285,0.0002396932,0.0002556237,0.0007593014,0.0001946283,0.0002364625,0.0014409222,0.0003120125,0.0002636436,0.0005035247,0.0002263468,0.0002275313,0.0002443196,0.0001549667,0.000243309,0.0001904037,0.0002739726,0.0002293578,0.0012091898,0.0006915629,0.0003361345,0.0002299379,0.0002797203,0.0002251238,0.0002182453,0.0002480774,0.0003078818,0.000275634,0.0001811594,0.0004266212,0.0002255809,0.0002551671,0.0002379819,0.0011273957,0.0002390057,0.0004955401,0.0002980626,0.0004456328,0.0002582645,0.0002154708,0.0002452182,0.0002321263,0.0003521127
0.000490918,0.0003306878,0.0009813543,0.0002030045,0.0004977601,0.0005434783,0.0004601933,0.0004739336,0.0004923683,0.0005991612,0.0006146281,0.0004208754,0.0033444816,0.0026737968,0.000131527,0.0004692633,0.0039370079,0.0003040438,0.0017953321,0.0002907822,0,0.0003566334,0.0001824818,0.0001571092,0.0005227392,0.000295683,0.0010822511,0.000122414,0.000538503,0.0001350621,0.0001458789,0.0005913661,0.0006574622,0.0006877579,0.00084246,0.0015360983,0.0007930214,0.0009460738,0.0008779631,0.0014245014,0.0002237136,0.0005015045,0.0010040161,0.0003423485,0.0010706638,0.0012091898,0.0006868132,0.0007727975,0.0006997901,0.0009433962,0.0001062699,0.0011402509,0.0003891051,0.0020920502,0.0007173601,0.0003816794,0.0005017561,0.0009699321,0.000877193,0.0018450185,0.0006779661,0.0005970149,0.0012437811,0.001540832,0.001183432,0.0001153004,0.000913242,0.0008333333,0.0011286682,0.0010319917,0.0003415301,0.0010493179,0.0007037298,0.0025706941,0.0007423905,0.0011961722,0.0001686056,0.0001382935,0.0005157298,0.0005263158
0.0002422481,0.0038910506,0.0004784689,0.0004056795,0.0002775465,0.0002345216,0.0002654632,0.0002381519,0.0002520161,0.0002532287,0.000304878,0.0002566076,0.0003683241,0.0003364738,0.000193836,0.0002684564,0.0003869969,0.0003575259,0.000432339,0.0014450867,0.0003566334,0,0.0003312355,0.0002104377,0.0002455193,0.0010152284,0.000477327,0.0001751927,0.000248942,0.0002023063,0.0002275831,0.0002675227,0.0003210273,0.0002588662,0.0002642008,0.000307787,0.0002923122,0.0003128911,0.0002827255,0.0003051572,0.0004977601,0.0002220742,0.0002782415,0.0022883295,0.0003891051,0.0003166561,0.0007401925,0.0002643405,0.0002659574,0.0002891845,0.0001432254,0.0002877698,0.0002165909,0.000331675,0.0002684564,0.0043859649,0.0012180268,0.0004380201,0.0002692515,0.0003401361,0.000262674,0.000253357,0.0002944641,0.0003827019,0.0003341129,0.0001609788,0.0005851375,0.0002632965,0.0003045067,0.0002803476,0.0018832392,0.0002817695,0.0007230658,0.0003676471,0.000621504,0.000308928,0.0002004812,0.0002096436,0.0002890173,0.0005017561
0.0001454969,0.0003080715,0.0002098196,0.0018050542,0.0001546551,0.0001437608,0.0001508296,0.0001439678,0.0001463915,0.0001509434,0.0001678979,0.0001517911,0.0001854943,0.0001770538,0.0004784689,0.0001517911,0.0001901141,0.0001719395,0.000200441,0.0004297379,0.0001824818,0.0003312355,0,0.000332668,0.0001481701,0.0004766444,0.0002095997,0.0003231018,0.0001494098,0.0004291845,0.0005614823,0.0001559089,0.00016728,0.0001529286,0.0001547748,0.0001687764,0.0001640151,0.0001702997,0.0001609528,0.0001679825,0.000990099,0.0001392952,0.0001594896,0.0003510004,0.0001906214,0.000171409,0.0002483238,0.0001548227,0.000155376,0.0001630258,0.0002562132,0.0001625752,0.0001371178,0.000175716,0.0001562256,0.0003496503,0.0002867795,0.0001943257,0.0001564945,0.0001780627,0.0001542496,0.000150989,0.0001646904,0.0001890717,0.000176398,0.000277855,0.0002280502,0.000154464,0.0001677852,0.0001601794,0.0003690037,0.0001606426,0.0002463661,0.0001853225,0.0002333722,0.0001691189,0.0002636436,0.0004636069,0.0001625752,0.0002134927
0.0001300898,0.0002124947,0.0001639882,0.0002948113,0.0001336184,0.0001066098,0.000131096,0.0001361656,0.0001309929,0.0001576044,0.0001729805,0.0001109632,0.0001587806,0.0001511487,0.0005073567,0.000131268,0.0001583281,0.0002373042,0.0001651255,0.0002331546,0.0001571092,0.0002104377,0.000332668,0,0.000129887,0.0002440215,0.0001713502,0.0004432624,0.0001322227,0.0005790388,0.000464684,0.0001691189,0.0001395868,0.0003598417,0.0003698225,0.0001506478,0.0001404297,0.000156568,0.0001411831,0.0001529052,0.0002793296,0.0001345171,0.000144113,0.0002216803,0.0001418641,0.0001544163,0.0001786352,0.0001389661,0.0001506251,0.0001432254,0.001146789,0.0001475797,0.0001740038,0.0001542972,0.0001483459,0.000212585,0.0001915342,0.0001569366,0.0001411034,0.0001490757,0.0001449485,0.0001519295,0.0001471454,0.0001541545,0.0001469076,0.0007581501,0.000174642,0.0001415629,0.0001449906,0.000148412,0.0002214839,0.0001445713,0.0001827485,0.0001545834,0.000172117,0.0001532332,0.0005955926,0.0005393743,0.0001166045,0.0001406866
0.003875969,0.0002276867,0.0005042864,0.0001614205,0.0012642225,0.001618123,0.0018416206,0.0018416206,0.0030487805,0.0004255319,0.000358038,0.0002408478,0.0005405405,0.0006497726,0.0001133401,0.0016863406,0.0005540166,0.0002623295,0.0004743833,0.0002124044,0.0005227392,0.0002455193,0.0001481701,0.000129887,0,0.0002150075,0.0004040404,0.0001059547,0.0034482759,0.0001153004,0.0001230921,0.0003960396,0.000923361,0.0011695906,0.0008354219,0.0006540222,0.001490313,0.0005288207,0.0010834236,0.0005977286,0.0001742464,0.0004761905,0.0007418398,0.0002386635,0.0004474273,0.0005675369,0.0003673769,0.0010976948,0.0004833253,0.0009775171,0.00009273,0.0006666667,0.0002961208,0.0005621135,0.0004916421,0.0002571355,0.0003065604,0.0005443658,0.0009389671,0.000727802,0.0004965243,0.0034965035,0.00077101,0.0006684492,0.0009259259,0.0001005834,0.0003861004,0.0006877579,0.000862069,0.0006269592,0.0002382654,0.0008136697,0.0003455425,0.0006510417,0.0004061738,0.0005959476,0.0001371178,0.0001176471,0.000269179,0.0002864509
0.0002094241,0.0009009009,0.0003748126,0.0006476684,0.0002289377,0.0002073828,0.0002206531,0.0002062706,0.0002112825,0.0002208968,0.0002592017,0.0002244669,0.0003036745,0.0002816901,0.0002357934,0.0002227171,0.0003162555,0.0002644104,0.0003459011,0.0017094017,0.000295683,0.0010152284,0.0004766444,0.0002440215,0.0002150075,0,0.0003741115,0.0002088991,0.0002176279,0.0002486325,0.0002879355,0.000231696,0.000257732,0.0002251745,0.0002292001,0.0002613013,0.0002500625,0.0002649709,0.0002430134,0.0002594034,0.0009191176,0.0001968117,0.0002396932,0.0013315579,0.000317662,0.000267666,0.0005184033,0.0002293052,0.000230521,0.0002477701,0.0001652073,0.0002467308,0.0001924928,0.000278319,0.000232396,0.001312336,0.0007199424,0.000328084,0.0002329916,0.0002842524,0.0002280502,0.0002209945,0.0002516356,0.0003133814,0.0002800336,0.0001890002,0.000437254,0.0002285192,0.0002589332,0.0002412545,0.0016339869,0.0002423068,0.0005099439,0.0003032141,0.0004572474,0.0002621232,0.0002278423,0.0002598077,0.00024888,0.0003921569
0.0003847634,0.0004222973,0.0011750881,0.0002371354,0.0003907776,0.0004014452,0.000367242,0.0003742515,0.0003856537,0.0005364807,0.0008368201,0.0004022526,0.0011976048,0.0009157509,0.000143947,0.0003729952,0.0014204545,0.0003041363,0.0027247956,0.0003663004,0.0010822511,0.000477327,0.0002095997,0.0001713502,0.0004040404,0.0003741115,0,0.0001340483,0.000413394,0.0001493652,0.0001627075,0.0006049607,0.0004828585,0.000483559,0.0005592841,0.0008474576,0.0005485464,0.00090009,0.0005431831,0.0008389262,0.0002658867,0.0004135649,0.0006301197,0.0004520796,0.0020618557,0.0009319664,0.0013386881,0.000524109,0.0005970149,0.0005707763,0.0001141553,0.0006816633,0.0003949447,0.0010752688,0.0006097561,0.0005232862,0.0007788162,0.0007936508,0.0005701254,0.0007936508,0.0005810575,0.0004257131,0.0006882312,0.0008340284,0.0007168459,0.000125565,0.0025906736,0.0005552471,0.0006234414,0.0006540222,0.0004506534,0.0006381621,0.0014044944,0.0010649627,0.0015673981,0.0008680556,0.000181686,0.0001533272,0.0004880429,0.0008561644
0.0001045806,0.0001623377,0.0001341382,0.0002740477,0.0001092299,0.0001018019,0.0001073077,0.0001037883,0.000105042,0.0001073653,0.0001156738,0.0001057641,0.0001237624,0.0001199472,0.0003213368,0.0001077935,0.000125802,0.0001175779,0.0001302423,0.000199362,0.000122414,0.0001751927,0.0003231018,0.0004432624,0.0001059547,0.0002088991,0.0001340483,0,0.0001065871,0.0013071895,0.0006527415,0.0001098539,0.0001153802,0.0001083658,0.0001092896,0.0001160901,0.0001138174,0.0001168088,0.0001123343,0.000115714,0.0002524615,0.0001013377,0.0001116196,0.0001805706,0.0001260239,0.0001173296,0.0001488982,0.0001093135,0.000109589,0.0001133401,0.0002029633,0.0001131222,0.0001001803,0.0001193317,0.000110011,0.0001802127,0.0001619171,0.0001276324,0.0001101443,0.0001204094,0.0001090275,0.0001073883,0.0001141422,0.0001253447,0.0001196458,0.0004721435,0.0001413627,0.0001091346,0.0001156203,0.000111957,0.0001852195,0.0001121831,0.0001481921,0.0001236858,0.0001433897,0.000116252,0.0002701972,0.0010660981,0.000110877,0.0001324328
0.0028409091,0.0002498126,0.0005189414,0.000162893,0.0014144272,0.0026246719,0.0021786492,0.0035087719,0.0028901734,0.0004066694,0.0003445899,0.0002516356,0.0005574136,0.0006743088,0.0001164958,0.0019646365,0.0005717553,0.0002662407,0.0004873294,0.0002149613,0.000538503,0.000248942,0.0001494098,0.0001322227,0.0034482759,0.0002176279,0.000413394,0.0001065871,0,0.0001160497,0.0001239465,0.0003796507,0.001001001,0.0010309278,0.0007656968,0.0006105006,0.0016260163,0.0005,0.0009689922,0.0005611672,0.0001759634,0.0004526935,0.0006863418,0.0002418965,0.0004418913,0.0005344735,0.0003750938,0.0009803922,0.0004591368,0.0008833922,9.61815908435125E-05,0.000621504,0.0002868617,0.0005534034,0.0004666356,0.0002608923,0.0003119152,0.0005614823,0.0008517888,0.0007587253,0.0004710316,0.0025316456,0.0007112376,0.0006944444,0.0009765625,0.0001011531,0.000394633,0.0006397953,0.0008,0.0005868545,0.0002414876,0.0007473842,0.0003523608,0.0006756757,0.0004152824,0.0005595971,0.0001386001,0.0001184273,0.0002826456,0.0003015682
0.0001136751,0.0001849454,0.0001494768,0.0003467406,0.0001191895,0.0001102901,0.0001169044,0.0001127396,0.0001142204,0.0001169727,0.0001269036,0.0001149557,0.0001367054,0.0001320655,0.0004244482,0.0001174812,0.0001391982,0.000129199,0.000144655,0.0002352388,0.0001350621,0.0002023063,0.0004291845,0.0005790388,0.0001153004,0.0002486325,0.0001493652,0.0013071895,0.0001160497,0,0.001303781,0.0001199328,0.0001265502,0.0001181614,0.0001192606,0.0001274048,0.0001246727,0.0001282709,0.0001228954,0.0001269519,0.0003128911,0.0001098539,0.0001220405,0.0002095118,0.00013947,0.0001288992,0.000168039,0.000119289,0.0001196172,0.0001241003,0.0002398657,0.000123839,0.0001084952,0.0001313198,0.0001201201,0.0002090301,0.0001848087,0.0001414427,0.000120279,0.000132626,0.0001189485,0.0001170001,0.0001250625,0.0001386386,0.0001317003,0.0007390983,0.0001585037,0.000119076,0.0001268392,0.000122444,0.0002157963,0.0001227144,0.0001671402,0.000136612,0.0001610565,0.0001275998,0.0003252033,0.0057803468,0.0001210214,0.000147167
0.0001212415,0.000206868,0.0001628399,0.0004282655,0.0001275348,0.0001186099,0.0001249219,0.0001201779,0.0001218621,0.000125,0.000136407,0.0001223391,0.0001477978,0.0001423893,0.0005599104,0.0001255808,0.0001507159,0.0001390627,0.0001571339,0.0002701243,0.0001458789,0.0002275831,0.0005614823,0.000464684,0.0001230921,0.0002879355,0.0001627075,0.0006527415,0.0001239465,0.001303781,0,0.0001283862,0.0001359989,0.0001263584,0.0001276161,0.0001369863,0.000133833,0.0001379881,0.000131787,0.0001364629,0.0003777862,0.0001169044,0.0001308044,0.0002367424,0.0001510346,0.0001387155,0.0001851166,0.0001276487,0.0001280246,0.0001331735,0.0002780095,0.0001328727,0.0001153669,0.0001415228,0.0001286008,0.0002361275,0.0002056767,0.0001533507,0.000128783,0.0001430411,0.0001272588,0.0001250313,0.0001342823,0.00015006,0.0001419648,0.0004911591,0.0001736111,0.0001274048,0.0001363327,0.000131268,0.000244798,0.0001315789,0.0001840265,0.0001476887,0.0001766784,0.0001275998,0.0003056235,0.0016835017,0.0001292324,0.0001594896
0.000373413,0.0002461236,0.0004568296,0.0001706485,0.000325839,0.0003335557,0.0003463803,0.0003463803,0.0003742515,0.0011709602,0.0008976661,0.0004127115,0.0005605381,0.0006472492,0.000115714,0.0003404835,0.0005750431,0.0002160761,0.0006357279,0.000228676,0.0005913661,0.0002675227,0.0001559089,0.0001691189,0.0003960396,0.000231696,0.0006049607,0.0001098539,0.0003796507,0.0001199328,0.0001283862,0,0.0003874467,0.0005307856,0.0006369427,0.0008826125,0.0004662005,0.0015772871,0.0006035003,0.0010050251,0.0001850481,0.0004547522,0.0007251632,0.0002594034,0.0008481764,0.0010718114,0.00041841,0.0005800464,0.0008169935,0.0006337136,0.000095648,0.0008285004,0.0008795075,0.0007782101,0.0007867821,0.0002813731,0.0003416467,0.0004219409,0.0006369427,0.0005837712,0.0006779661,0.000446628,0.0007880221,0.0005030181,0.0005186722,0.0001040908,0.0004928536,0.0006317119,0.0006459948,0.0007861635,0.0002589332,0.0007230658,0.0004246285,0.0005425936,0.0004384042,0.0011695906,0.0001913876,0.000122474,0.0005035247,0.0003611412
0.0009871668,0.0002922268,0.0006761325,0.0001843658,0.0020491803,0.0017421603,0.0015337423,0.0009225092,0.0012674271,0.0004060089,0.0003760812,0.0002607562,0.0006915629,0.0008431703,0.0001249688,0.0016393443,0.0007137759,0.0003585515,0.0005868545,0.000262674,0.0006574622,0.0003210273,0.00016728,0.0001395868,0.000923361,0.000257732,0.0004828585,0.0001153802,0.001001001,0.0001265502,0.0001359989,0.0003874467,0,0.0007423905,0.0006779661,0.0006309148,0.0022222222,0.0005136107,0.0008880995,0.000578369,0.0002012882,0.0003987241,0.0006613757,0.0002924832,0.000508647,0.000550055,0.0005125577,0.0007429421,0.0004582951,0.0009302326,0.0001018953,0.0006199628,0.0002890173,0.0006622517,0.0004657662,0.0003207184,0.0004014452,0.0007874016,0.0007418398,0.0009794319,0.000448833,0.0010050251,0.000761035,0.0010460251,0.0014792899,0.0001090394,0.0005141388,0.0005777008,0.0009469697,0.0005854801,0.0002918856,0.0007178751,0.0004710316,0.0008833922,0.0005906675,0.0005767013,0.0001446341,0.0001293828,0.0005035247,0.0003148615
0.0009861933,0.0002557545,0.0005640158,0.0001670844,0.0006798097,0.0007230658,0.0008176615,0.0008176615,0.0009920635,0.0006176652,0.000464684,0.0002873563,0.0006464124,0.0009165903,0.0001241465,0.000785546,0.000665779,0.0002604845,0.0005540166,0.000222321,0.0006877579,0.0002588662,0.0001529286,0.0001372684,0.0011695906,0.0002251745,0.000483559,0.0001083658,0.0010309278,0.0001181614,0.0001263584,0.0005307856,0.0007423905,0,0.0024813896,0.0011261261,0.0011148272,0.0008,0.0028735632,0.0009689922,0.0001808645,0.0007818608,0.0016,0.0002512563,0.0006273526,0.0008920607,0.0003980892,0.00625,0.0007473842,0.0023148148,9.70591089973794E-05,0.0012406948,0.0003779289,0.0008787346,0.0007782101,0.000271813,0.000327654,0.0005995204,0.0031847134,0.0010799136,0.0008156607,0.0017391304,0.001396648,0.000777605,0.0010427529,0.0001027538,0.0004268032,0.0015015015,0.0016638935,0.0011160714,0.0002508151,0.001980198,0.0003746722,0.0007541478,0.0004436557,0.0009643202,0.0001479728,0.0001206273,0.0003286231,0.0003241491
0.0007407407,0.0002930832,0.0005720824,0.0001692907,0.0005534034,0.0005807201,0.0006414368,0.0006414368,0.0007440476,0.0008223684,0.0005440696,0.0003123048,0.00078125,0.000999001,0.0001253604,0.000621504,0.0008097166,0.0002608242,0.0006501951,0.0002262443,0.00084246,0.0002642008,0.0001547748,0.0001403509,0.0008354219,0.0002292001,0.0005592841,0.0001092896,0.0007656968,0.0001192606,0.0001276161,0.0006369427,0.0006779661,0.0024813896,0,0.0016447368,0.0009624639,0.0010683761,0.0020491803,0.0013297872,0.0001834526,0.0009615385,0.0045045045,0.0002562788,0.000761035,0.0013003901,0.0004103406,0.0034965035,0.0010695187,0.0025,9.56297217175098E-05,0.0021598272,0.0004458315,0.0011655012,0.0011337868,0.0002777006,0.0003362475,0.0006086427,0.007518797,0.0011135857,0.0012150668,0.0010976948,0.0017513135,0.0007930214,0.001048218,0.000103584,0.0004816956,0.0038022814,0.0017421603,0.0018939394,0.0002558199,0.00330033,0.0004163197,0.0008019246,0.0004486317,0.0013831259,0.0001532802,0.000121773,0.0003616637,0.0003337784
0.0005945303,0.0002871088,0.0006978367,0.0001861851,0.0004823927,0.0005254861,0.0005288207,0.0005288207,0.0005966587,0.00090009,0.0007147963,0.0003660322,0.001344086,0.001980198,0.0001343905,0.0005151984,0.0014306152,0.0002787068,0.000998004,0.0002574665,0.0015360983,0.000307787,0.0001687764,0.0001506478,0.0006540222,0.0002613013,0.0008474576,0.0001160901,0.0006105006,0.0001274048,0.0001369863,0.0008826125,0.0006309148,0.0011261261,0.0016447368,0,0.000870322,0.002004008,0.0015128593,0.0069444444,0.0002034588,0.0007067138,0.0023980815,0.0002970885,0.0014164306,0.0037174721,0.0005260389,0.0013736264,0.0011574074,0.0017182131,0.0001012658,0.0033112583,0.0004970179,0.0012062726,0.0012062726,0.0003262643,0.0004101723,0.0007518797,0.0013986014,0.0014858841,0.0010989011,0.0008045052,0.0036630037,0.0010548523,0.0010729614,0.0001096732,0.0006493506,0.001610306,0.0018115942,0.0025641026,0.000296472,0.0025839793,0.0005359057,0.00124533,0.0005580357,0.0035971223,0.0001640958,0.0001302762,0.0004357298,0.0004116921
0.0012578616,0.0002742732,0.0007513148,0.0001804077,0.0010660981,0.0012594458,0.0009960159,0.0011520737,0.0011723329,0.0004933399,0.0004237288,0.0002932551,0.0008347245,0.0011273957,0.000122115,0.0009487666,0.0008673027,0.0003183699,0.0006868132,0.0002465483,0.0007930214,0.0002923122,0.0001640151,0.0001404297,0.001490313,0.0002500625,0.0005485464,0.0001138174,0.0016260163,0.0001246727,0.000133833,0.0004662005,0.0022222222,0.0011148272,0.0009624639,0.000870322,0,0.0006618134,0.0014492754,0.0007733952,0.0001965795,0.0004826255,0.000929368,0.0002826456,0.00059988,0.000723589,0.0004830918,0.0011086475,0.0005727377,0.0015649452,0.00009997,0.0008496177,0.0003306878,0.0008257638,0.0005844535,0.000308928,0.0003831418,0.0008438819,0.0010964912,0.0013850416,0.0005580357,0.0018348624,0.0011389522,0.0011848341,0.0023364486,0.0001076426,0.0005159959,0.0007722008,0.001529052,0.0007861635,0.0002820874,0.0010449321,0.0005159959,0.0011312217,0.0005518764,0.000770416,0.0001477978,0.000127421,0.0003363606,0.0003635042
0.0004892368,0.0002790179,0.0006071645,0.0001880406,0.0004106776,0.000447828,0.0004438526,0.0004438526,0.0004906771,0.0013280212,0.0011086475,0.0004282655,0.0008695652,0.0010976948,0.000122504,0.0004342162,0.0009049774,0.0002503756,0.0009699321,0.0002610285,0.0009460738,0.0003128911,0.0001702997,0.000156568,0.0005288207,0.0002649709,0.00090009,0.0001168088,0.0005,0.0001282709,0.0001379881,0.0015772871,0.0005136107,0.0008,0.0010683761,0.002004008,0.0006618134,0,0.0009775171,0.0027700831,0.0002056767,0.0006389776,0.0013422819,0.0003018412,0.0015698587,0.0033444816,0.0005411255,0.0009174312,0.0016949153,0.001059322,0.0001002406,0.0017452007,0.0006609385,0.00155521,0.0015698587,0.0003320053,0.0004192872,0.0005760369,0.0010683761,0.0009267841,0.0011890606,0.000623053,0.0015748031,0.0007385524,0.0007727975,0.0001103144,0.000672495,0.0010537408,0.0010940919,0.0015673981,0.0003012048,0.0013351135,0.000551572,0.0008271299,0.0005750431,0.0045248869,0.0001728907,0.0001311819,0.0005268704,0.0004017678
